#     BLOCK:   ACTUAL_M:     M_AVE:       ERROR:
              1      0.0011888      0.0011888              0
              2      0.0054076      0.0032982     0.00149157
              3      0.0001488      0.0022484     0.00131283
              4     -0.0007948      0.0014876     0.00118473
              5     -0.0014544      0.0008992      0.0010841
              6      0.0014472    0.000990533    0.000907254
              7      0.0002648    0.000886857    0.000783548
              8     -0.0019472      0.0005326    0.000761488
              9      0.0006492    0.000545556    0.000676989
             10      0.0029548     0.00078648    0.000650749
             11      0.0006144    0.000770836    0.000591778
             12      0.0015384      0.0008348    0.000545909
             13     -0.0016464    0.000643938    0.000536244
             14     -0.0001116    0.000589971    0.000500649
             15      0.0025668     0.00072176    0.000484307
             16      0.0033012    0.000882975    0.000480121
             17      0.0004928    0.000860024    0.000452427
             18      0.0031356    0.000986444    0.000444604
             19       -0.00221    0.000818211    0.000451914
             20      0.0007244     0.00081352    0.000429342
             21      -2.56e-05    0.000773562    0.000410753
             22     -0.0020612    0.000644709    0.000411797
             23      0.0016824    0.000689826    0.000396357
             24      0.0007908    0.000694033    0.000379864
             25     -0.0019456    0.000588448     0.00037906
             26      0.0011876    0.000611492     0.00036518
             27       0.001114    0.000630104    0.000352129
             28       4.88e-05    0.000609343    0.000340164
             29      0.0017596    0.000649007    0.000330739
             30       -0.00023    0.000619707     0.00032101
             31     -0.0010444    0.000566026    0.000315111
             32       -0.00164    0.000497087    0.000312714
             33      -5.16e-05    0.000480461    0.000303679
             34      -4.68e-05    0.000464953    0.000295143
             35      0.0033564    0.000547566    0.000298048
             36      0.0012592    0.000567333    0.000290424
             37      0.0021628    0.000610454    0.000285758
             38      0.0009196    0.000618589    0.000278354
             39       0.000168    0.000607036    0.000271456
             40     -0.0015552     0.00055298    0.000269998
             41     -0.0018224    0.000495044    0.000269557
             42      0.0015912    0.000521143      0.0002644
             43     -0.0022956    0.000455637    0.000266242
             44         0.0004    0.000454373    0.000260194
             45      0.0050988    0.000557582    0.000274118
             46       0.001154    0.000570548    0.000268466
             47       0.001242    0.000584834    0.000263133
             48      0.0020272    0.000614883    0.000259362
             49      0.0005744    0.000614057     0.00025407
             50      0.0012456    0.000626688    0.000249302
