#     BLOCK:   ACTUAL_M:     M_AVE:       ERROR:
              1     -0.0087436     -0.0087436              0
              2       0.003818     -0.0024628      0.0044412
              3      0.0159408     0.00367173     0.00581848
              4     -0.0034692      0.0018865     0.00462964
              5     -0.0043348     0.00064224      0.0038673
              6       0.002216    0.000904533     0.00323163
              7      0.0043308       0.001394     0.00280679
              8     -0.0055932      0.0005206     0.00258827
              9      0.0106904     0.00165058     0.00253537
             10     -0.0014424     0.00134128     0.00230063
             11      0.0118752     0.00229891      0.0022821
             12      0.0115068     0.00306623     0.00221717
             13     -0.0061188     0.00235969     0.00215626
             14     -0.0148324     0.00113169     0.00232578
             15      0.0075268     0.00155803     0.00220946
             16     -0.0022648      0.0013191     0.00208425
             17     -0.0020064     0.00112348      0.0019708
             18     -0.0133292    0.000320556     0.00201826
             19      0.0058012    0.000609011     0.00193254
             20     -0.0081356     0.00017178     0.00188472
             21     -0.0055888   -0.000102533     0.00181483
             22      0.0059864    0.000174236     0.00175331
             23     -0.0029252    3.94783e-05     0.00168225
             24      0.0029804    0.000162017     0.00161661
             25      -0.009792   -0.000236144     0.00160023
             26     -0.0048588   -0.000413938     0.00154853
             27     -0.0115732   -0.000827244     0.00154535
             28     -0.0084232    -0.00109853     0.00151378
             29      -0.004306    -0.00120913     0.00146562
             30      -0.002848    -0.00126376     0.00141778
             31     -0.0064084    -0.00142972     0.00138173
             32       -8.4e-05    -0.00138766     0.00133919
             33      0.0070724     -0.0011313     0.00132292
             34     -0.0104924    -0.00140662     0.00131234
             35      0.0207512   -0.000773543     0.00141936
             36      0.0031388   -0.000664867     0.00138409
             37      0.0078416   -0.000434962     0.00136564
             38     -0.0014592   -0.000461916     0.00132997
             39      0.0002896   -0.000442646     0.00129601
             40       0.000794    -0.00041173     0.00126397
             41      0.0199804     8.5639e-05      0.0013274
             42      -0.009626    -0.00014559     0.00131578
             43     -0.0005856   -0.000155823     0.00128522
             44       0.002744   -8.99182e-05      0.0012577
             45      -0.010776   -0.000327387     0.00125197
             46      0.0086428   -0.000132383     0.00123985
             47      -0.009824   -0.000338587     0.00123049
             48     -0.0031168   -0.000396467     0.00120622
             49      0.0103168   -0.000177829     0.00120125
             50       0.009302     1.1768e-05      0.0011921
