#     BLOCK:   ACTUAL_M:     M_AVE:       ERROR:
              1      0.0696868      0.0696868              0
              2     -0.0034008       0.033143      0.0258404
              3     -0.0285672      0.0125729      0.0240593
              4      -0.015096      0.0056557      0.0190129
              5     -0.0516772    -0.00581088       0.018345
              6      0.0727024     0.00727467      0.0194011
              7     -0.0370624      0.0009408      0.0176331
              8      -0.058352     -0.0064708       0.016915
              9     -0.0389544     -0.0100801      0.0154158
             10     -0.0205096      -0.011123      0.0139095
             11      0.0261816    -0.00773171      0.0130519
             12       0.029646     -0.0046169      0.0123303
             13      0.0269076    -0.00219194      0.0116178
             14      0.0199572   -0.000609857      0.0108952
             15      0.0392484     0.00204736      0.0104878
             16     -0.0440948   -0.000836525      0.0102212
             17     -0.0158452    -0.00171939     0.00965797
             18      0.0619144     0.00181582     0.00974698
             19       0.041244     0.00389099     0.00945231
             20     -0.0250668      0.0024431     0.00908991
             21        0.02958     0.00373533     0.00874843
             22      0.0799688     0.00720049     0.00901093
             23      0.0039664     0.00705988     0.00862025
             24      0.0437788     0.00858983     0.00839575
             25      0.0190772     0.00900933     0.00807039
             26     -0.0216288     0.00783094     0.00784555
             27     -0.0559552     0.00546849     0.00790266
             28      0.0213348     0.00603514     0.00764071
             29       0.032852     0.00695986     0.00743299
             30      0.0631444     0.00883268     0.00741741
             31      0.0185384     0.00914577     0.00718474
             32      0.0839712      0.0114841     0.00733085
             33      0.0059836      0.0113174      0.0071106
             34      0.0491824      0.0124311     0.00698813
             35     -0.0395912      0.0109447     0.00694474
             36      0.0293708      0.0114565     0.00677067
             37      0.0267788      0.0118707     0.00660033
             38     -0.0300764      0.0107668     0.00651829
             39      -0.088866      0.0082121     0.00683347
             40      -0.041582     0.00696725     0.00677507
             41      -0.063554     0.00524722     0.00682467
             42      0.0268684     0.00576201     0.00668157
             43     -0.0396668     0.00470553     0.00660918
             44      0.0246268     0.00515828     0.00647446
             45      0.0392676     0.00591627      0.0063748
             46      0.0040596      0.0058759     0.00623634
             47     -0.0513672     0.00465797     0.00622145
             48      -0.081398     0.00286513      0.0063449
             49      0.0349252     0.00351942     0.00624905
             50      -0.060604     0.00223695     0.00625429
