#     BLOCK:   ACTUAL_M:     M_AVE:       ERROR:
              1      0.0024616      0.0024616              0
              2      0.0028248      0.0026432    0.000128411
              3      -0.002268     0.00100613      0.0013394
              4      0.0055212      0.0021349     0.00140168
              5     -0.0016156      0.0013848     0.00130672
              6      0.0004432     0.00122787     0.00109832
              7      0.0102532      0.0025172     0.00152025
              8      0.0076692      0.0031612     0.00146027
              9      0.0136672     0.00432853     0.00170179
             10      0.0048196     0.00437764     0.00153232
             11      -0.003574     0.00365476      0.0015542
             12      0.0059108     0.00384277     0.00143601
             13      0.0074436     0.00411975       0.001352
             14      0.0015588     0.00393683     0.00126774
             15      0.0035996     0.00391435     0.00118343
             16       1.96e-05     0.00367093     0.00113422
             17      0.0052128     0.00376162     0.00107112
             18       0.000974     0.00360676     0.00102275
             19     -0.0041028     0.00320099     0.00104632
             20     -0.0029036     0.00289576     0.00103757
             21      -0.001996     0.00266282     0.00101397
             22      0.0051632     0.00277647    0.000974233
             23     -0.0013768      0.0025959    0.000948463
             24      0.0030636     0.00261538    0.000909144
             25       0.000928     0.00254789     0.00087528
             26     -0.0030188     0.00233378    0.000867406
             27     -0.0005736      0.0022261    0.000841937
             28      0.0014624     0.00219883     0.00081231
             29     -0.0053864     0.00193727    0.000825336
             30      0.0014464     0.00192091    0.000797987
             31     -0.0014188     0.00181317    0.000779484
             32     -0.0011244     0.00172138    0.000760511
             33     -0.0024648     0.00159452     0.00074797
             34     -0.0031548     0.00145484    0.000738899
             35       0.004774     0.00154967    0.000723848
             36      0.0093516     0.00176639    0.000735469
             37      -0.003488     0.00162438    0.000729173
             38     -0.0068764     0.00140067    0.000743508
             39      0.0022736     0.00142306    0.000724781
             40     -0.0003412     0.00137895    0.000708002
             41     -0.0018676     0.00129977    0.000695147
             42     -0.0064388     0.00111551     0.00070259
             43      -0.005318    0.000965898    0.000702001
             44      -0.009528      0.0007274    0.000725429
             45     -0.0037316    0.000628311    0.000716044
             46     -0.0025856    0.000558443    0.000703878
             47      0.0112248    0.000785387    0.000724565
             48      0.0119308     0.00101758    0.000745747
             49      0.0002272     0.00100145    0.000730702
             50      0.0025976     0.00103338    0.000716785
