#     BLOCK:   ACTUAL_M:     M_AVE:       ERROR:
              1      0.0010392      0.0010392              0
              2      -2.44e-05      0.0005074    0.000376039
              3      0.0026396     0.00121813    0.000632146
              4      0.0018896       0.001386    0.000495897
              5      0.0024748     0.00160376    0.000441951
              6      0.0007364      0.0014592    0.000391221
              7     -0.0033248    0.000775771    0.000716099
              8      0.0025316     0.00099525    0.000659363
              9      -0.005546    0.000268444    0.000901702
             10     -0.0004304     0.00019856    0.000814235
             11      0.0017324       0.000338    0.000752059
             12      0.0002528      0.0003309    0.000689421
             13      0.0009556    0.000378954    0.000638061
             14       0.000238    0.000368886    0.000592565
             15      0.0012476    0.000427467    0.000555948
             16     -0.0026424      0.0002356     0.00055332
             17      0.0004732    0.000249576    0.000520948
             18     -0.0024776    9.80667e-05    0.000513567
             19      0.0017896    0.000187095    0.000494193
             20     -0.0024532      5.508e-05    0.000486797
             21     -0.0009984    4.91429e-06    0.000466194
             22       0.002204    0.000104873    0.000455593
             23     -0.0012268    4.69739e-05    0.000439449
             24     -0.0032988   -9.24333e-05    0.000442699
             25     -0.0004088   -0.000105088    0.000425171
             26     -0.0001236     -0.0001058    0.000408819
             27      0.0008636   -6.98963e-05    0.000395251
             28      -0.004052   -0.000212114    0.000405916
             29       0.000168   -0.000199007     0.00039213
             30      -0.002146   -0.000263907    0.000384392
             31      0.0006872   -0.000233226    0.000373215
             32     -0.0009964   -0.000257075    0.000362313
             33     -0.0009016   -0.000276606     0.00035186
             34      0.0010052   -0.000238906    0.000343525
             35      0.0003124   -0.000223154    0.000334071
             36      0.0048748   -8.15444e-05    0.000353533
             37      0.0024928   -1.19676e-05    0.000350758
             38       -0.00152   -5.16526e-05    0.000343765
             39     -0.0032344   -0.000133262    0.000344501
             40     -0.0020936    -0.00018227    0.000339357
             41     -0.0023504   -0.000235151    0.000335175
             42     -0.0036972   -0.000317581    0.000337178
             43     -0.0001052   -0.000312642    0.000329373
             44     -0.0002516   -0.000311255     0.00032189
             45        -0.0001    -0.00030656    0.000314771
             46     -0.0005352    -0.00031153    0.000307968
             47      0.0014408   -0.000274247    0.000303663
             48      -0.003524    -0.00034195    0.000304791
             49      -0.000758   -0.000350441    0.000298689
             50      0.0014344   -0.000314744    0.000294841
