#     BLOCK:   ACTUAL_M:     M_AVE:       ERROR:
              1      0.0034332      0.0034332              0
              2       0.001562      0.0024976    0.000661569
              3      0.0001552      0.0017168    0.000775212
              4       0.000456      0.0014016    0.000642301
              5     -0.0036412     0.00039304     0.00103817
              6     -0.0019168    8.06667e-06    0.000933792
              7      0.0014312    0.000211371    0.000822227
              8      0.0007796      0.0002824     0.00072251
              9     -0.0011608    0.000122044    0.000659786
             10     -0.0035916    -0.00024932    0.000690454
             11     -0.0026916   -0.000471345    0.000662422
             12      -0.001984     -0.0005974    0.000619098
             13     -0.0069924    -0.00108932    0.000741591
             14       0.001276   -0.000920371    0.000707604
             15      -0.000332   -0.000881147    0.000661517
             16      -0.004342    -0.00109745    0.000654581
             17      -0.003552    -0.00124184      0.0006318
             18          4e-05    -0.00117062      0.0006007
             19     -0.0023128    -0.00123074    0.000572084
             20       0.004216     -0.0009584    0.000604838
             21      0.0013044   -0.000850648    0.000585556
             22      0.0019204   -0.000724691    0.000572326
             23      0.0013156   -0.000635983    0.000554275
             24      0.0003976   -0.000592917     0.00053285
             25      0.0008392   -0.000535632    0.000514606
             26      0.0032184   -0.000391246    0.000514671
             27     -0.0009224   -0.000410919    0.000495985
             28     -0.0011748     -0.0004382    0.000479021
             29        0.00251   -0.000336538    0.000473168
             30       0.002116   -0.000254787    0.000464404
             31       0.001126   -0.000210245    0.000451554
             32      0.0021432     -0.0001367    0.000443392
             33       0.002078   -6.95879e-05    0.000435005
             34        0.00087   -4.19529e-05    0.000423088
             35     -0.0059568   -0.000210949    0.000443468
             36      0.0002492   -0.000198167    0.000431334
             37      0.0004888     -0.0001796    0.000420076
             38       2.84e-05   -0.000174126    0.000409057
             39      0.0010544   -0.000142626    0.000399779
             40       0.001096    -0.00011166    0.000390982
             41       0.000678      -9.24e-05     0.00038192
             42     -0.0010496    -0.00011519    0.000373506
             43      -0.000798    -0.00013107    0.000365157
             44      0.0007948   -0.000110027    0.000357464
             45     -0.0032896   -0.000180684    0.000356435
             46     -0.0008952   -0.000196217    0.000349025
             47     -0.0060272   -0.000320281    0.000362979
             48     -0.0005944   -0.000325992    0.000355462
             49     -0.0034608   -0.000389967    0.000353918
             50     -0.0014648   -0.000411464    0.000347492
