#     BLOCK:   ACTUAL_M:     M_AVE:       ERROR:
              1       0.001666       0.001666              0
              2     -0.0014028      0.0001316     0.00108498
              3       0.001348    0.000537067    0.000795486
              4     -0.0040216     -0.0006026     0.00115329
              5     -0.0013712    -0.00075632    0.000932821
              6      -0.001128   -0.000818267    0.000779405
              7      0.0020528   -0.000408114    0.000768439
              8      0.0018092    -0.00013095    0.000720637
              9      -0.004324   -0.000596844    0.000776702
             10     -0.0007132    -0.00060848    0.000699119
             11     -0.0036468   -0.000884691    0.000687965
             12      0.0007052     -0.0007522    0.000643266
             13     -0.0016372   -0.000820277    0.000597376
             14      0.0007664   -0.000706943    0.000565355
             15      -0.005324    -0.00101475    0.000605687
             16         0.0027   -0.000782575     0.00061071
             17       0.000458     -0.0007096     0.00057913
             18      0.0055584   -0.000361378    0.000643182
             19     -0.0037108   -0.000537663    0.000633028
             20     -0.0044804     -0.0007348    0.000631327
             21        0.00267   -0.000572667    0.000621734
             22      0.0006268   -0.000518145    0.000595859
             23      0.0015444    -0.00042847    0.000576661
             24     -0.0003624   -0.000425717     0.00055264
             25      0.0011972     -0.0003608    0.000534333
             26      0.0003528   -0.000333354    0.000514487
             27     -0.0024928   -0.000413333     0.00050161
             28     -0.0025728   -0.000490457    0.000489588
             29     -0.0005464   -0.000492386     0.00047271
             30     -0.0005076   -0.000492893    0.000456953
             31      0.0015256   -0.000427781    0.000446827
             32      0.0026232   -0.000332437    0.000442919
             33      -0.001118   -0.000356242    0.000430137
             34      0.0095732      -6.42e-05    0.000507025
             35     -0.0046816   -0.000196126    0.000509413
             36      0.0015804   -0.000146778    0.000497647
             37      0.0027988   -6.71676e-05    0.000490524
             38     -0.0001076   -6.82316e-05    0.000477616
             39      0.0027388    3.74359e-06    0.000470762
             40       0.000168       7.85e-06     0.00045901
             41      0.0029464     7.9522e-05    0.000453376
             42     -0.0048356   -3.75048e-05    0.000457436
             43     -0.0058852   -0.000173498    0.000466575
             44      -0.000268   -0.000175645    0.000455976
             45      0.0044992     -7.176e-05    0.000457524
             46       0.003918    1.49739e-05    0.000455725
             47      0.0005296    2.59234e-05     0.00044616
             48     -0.0065648   -0.000111383    0.000457506
             49      0.0013088      -8.24e-05    0.000449086
             50     -0.0012512   -0.000105776    0.000440713
