#     BLOCK:   ACTUAL_M:     M_AVE:       ERROR:
              1     -0.0001096     -0.0001096              0
              2      -0.000212     -0.0001608    3.62039e-05
              3      -8.72e-05   -0.000136267    3.13656e-05
              4      0.0017564      0.0003369    0.000410449
              5        0.00244     0.00075752    0.000499356
              6       0.002088    0.000979267    0.000462753
              7      0.0018508     0.00110377    0.000413055
              8     -0.0031388     0.00057345    0.000613769
              9      0.0001064    0.000521556    0.000547762
             10      0.0010532     0.00057472    0.000495559
             11      0.0031152    0.000805673    0.000501446
             12      -9.24e-05    0.000730833     0.00046521
             13      0.0030652      0.0009104    0.000462784
             14      -0.000798    0.000788371    0.000445526
             15     -0.0029632    0.000538267    0.000480929
             16     -0.0003732      0.0004813    0.000454232
             17     -0.0015216    0.000363482    0.000442528
             18      0.0005084    0.000371533    0.000418017
             19      0.0004036    0.000373221    0.000396019
             20     -0.0015016     0.00027948    0.000387154
             21     -0.0005716    0.000238952    0.000370833
             22      0.0004324    0.000247745    0.000354081
             23       0.001978    0.000322974    0.000346586
             24      0.0026688    0.000420717    0.000345653
             25      0.0023344    0.000497264    0.000340197
             26       0.000622    0.000502062    0.000327146
             27       5.56e-05    0.000485526    0.000315447
             28      0.0001328    0.000472929    0.000304433
             29       0.002526    0.000543724    0.000302055
             30     -0.0020608    0.000456907    0.000304207
             31     -0.0007776    0.000417084    0.000296989
             32      0.0006736      0.0004251    0.000287816
             33     -0.0007848    0.000388436     0.00028142
             34      0.0047916    0.000517941    0.000301472
             35      0.0021936    0.000565817    0.000296636
             36      0.0032828    0.000641289    0.000297842
             37      0.0024468    0.000690086    0.000293763
             38      0.0010584    0.000699779    0.000286192
             39     -0.0006044    0.000666338      0.0002808
             40      0.0018912     0.00069696    0.000275445
             41      0.0001172     0.00068282     0.00026909
             42     -0.0006552    0.000650962    0.000264562
             43     -0.0006348     0.00062106    0.000260093
             44     -0.0020544    0.000560255    0.000261193
             45      0.0005316    0.000559618     0.00025539
             46     -0.0017724    0.000508922     0.00025482
             47      0.0008796    0.000516809     0.00024952
             48     -0.0006384    0.000492742     0.00024548
             49     -0.0017264    0.000447453    0.000244612
             50     -0.0003604    0.000431296    0.000240253
