#     BLOCK:   ACTUAL_M:     M_AVE:       ERROR:
              1      0.0609604      0.0609604              0
              2       0.150055       0.105508      0.0314996
              3       0.109109       0.106708      0.0210226
              4       0.009848      0.0824931      0.0262369
              5       0.273894       0.120773      0.0401604
              6     -0.0537996      0.0916779      0.0427259
              7       0.246588       0.113808      0.0419638
              8       0.163982        0.12008      0.0371841
              9     -0.0384816       0.102462      0.0369915
             10      -0.008182      0.0913974      0.0349079
             11       0.131725      0.0950636      0.0319264
             12     -0.0304576      0.0846035      0.0309319
             13      -0.152428      0.0663703      0.0334981
             14       0.004386      0.0619428      0.0313966
             15      -0.050784      0.0544277      0.0301895
             16       0.013648       0.051879      0.0284101
             17       0.129497      0.0564448      0.0271033
             18       0.096734       0.058683      0.0256898
             19      0.0859112      0.0601161      0.0243777
             20       -0.23189      0.0455158      0.0271816
             21       -0.25977      0.0309784      0.0295199
             22       0.101055      0.0341637      0.0283494
             23       0.127855      0.0382372      0.0274079
             24      0.0922512      0.0404878      0.0263581
             25     -0.0682476      0.0361384      0.0256602
             26     -0.0329928      0.0334795      0.0248106
             27      0.0786956      0.0351542      0.0239481
             28      0.0146448      0.0344217      0.0231041
             29      0.0368656       0.034506      0.0223075
             30     -0.0126248      0.0329349      0.0216192
             31      -0.194879      0.0255861      0.0221356
             32     -0.0140908      0.0243462      0.0214786
             33     -0.0576028      0.0218629      0.0209708
             34     -0.0536644      0.0196415      0.0204713
             35      0.0658772      0.0209625       0.019929
             36      0.0654732      0.0221989      0.0194137
             37       0.156718      0.0258346      0.0192264
             38     -0.0590388      0.0236011      0.0188497
             39      0.0219508      0.0235588      0.0183665
             40      0.0227364      0.0235382      0.0179073
             41     -0.0621396      0.0214485      0.0175921
             42     -0.0939952      0.0186999      0.0173866
             43      0.0184664      0.0186944      0.0169823
             44     -0.0556168      0.0170055      0.0166801
             45       0.148766      0.0199335      0.0165644
             46      -0.168986      0.0158266      0.0167057
             47      -0.137745      0.0125591      0.0166667
             48     -0.0525064      0.0112036      0.0163745
             49      -0.130203     0.00831773      0.0162927
             50     -0.0110136      0.0079311      0.0159714
