#     BLOCK:   ACTUAL_M:     M_AVE:       ERROR:
              1      0.0064324      0.0064324              0
              2     -0.0103468     -0.0019572     0.00593234
              3     -0.0358588     -0.0132577      0.0100387
              4     -0.0280572     -0.0169576     0.00818249
              5      0.0114132     -0.0112834     0.00828293
              6     -0.0039488      -0.010061     0.00699207
              7     -0.0285228     -0.0126984     0.00647152
              8     -0.0013396     -0.0112786     0.00581626
              9      -0.016948     -0.0119085     0.00520401
             10      0.0487076    -0.00584688     0.00741653
             11     -0.0158904    -0.00675993     0.00679827
             12      0.0324508    -0.00349237     0.00697294
             13       0.000852    -0.00315818     0.00644456
             14       0.018288    -0.00162631     0.00616361
             15      0.0147772   -0.000532747     0.00584891
             16     -0.0143972    -0.00139928     0.00554717
             17      0.0213468   -6.12706e-05     0.00537982
             18      0.0455888     0.00247484     0.00564717
             19       0.042284     0.00457006     0.00572545
             20     -0.0366736     0.00250788     0.00579868
             21      0.0316372     0.00389499     0.00568604
             22      0.0065864     0.00401733      0.0054289
             23      -0.019986      0.0029737     0.00529222
             24     -0.0123516     0.00233515     0.00511009
             25     -0.0228128     0.00132923     0.00500371
             26     -0.0325908    2.46154e-05     0.00497843
             27      0.0039516    0.000170059     0.00479617
             28      0.0231468    0.000990657     0.00469455
             29       -0.00744    0.000699945     0.00454166
             30     -0.0412592   -0.000698693      0.0046006
             31     -0.0248212    -0.00147684     0.00451752
             32      0.0078048    -0.00118679     0.00438565
             33      0.0079736     -0.0009092     0.00426153
             34     -0.0191292    -0.00144508     0.00416974
             35      0.0230412   -0.000745474     0.00410888
             36     -0.0128028     -0.0010804     0.00400837
             37       -0.01284    -0.00139823     0.00391262
             38      0.0386764   -0.000343632     0.00394922
             39      0.0408476    0.000712554     0.00398669
             40      -0.001662     0.00065319     0.00388747
             41     -0.0005656    0.000623463     0.00379277
             42     -0.0104844     0.00035899     0.00371167
             43     -0.0032576    0.000274884     0.00362631
             44     -0.0041052    0.000175336     0.00354526
             45     -0.0255424   -0.000396169     0.00351224
             46     -0.0477664    -0.00142596     0.00358367
             47      -0.001408    -0.00142557     0.00350742
             48      -0.028176    -0.00198287     0.00347834
             49      0.0004084    -0.00193407      0.0034077
             50      0.0055012    -0.00178537     0.00334279
