#     BLOCK:   ACTUAL_M:     M_AVE:       ERROR:
              1      0.0041552      0.0041552              0
              2     -0.0041624       -3.6e-06     0.00294072
              3      0.0018804      0.0006244     0.00202642
              4        0.00014      0.0005033     0.00152343
              5       0.001928     0.00078824     0.00124511
              6      -0.004972     -0.0001718     0.00135818
              7     -0.0030468   -0.000582514     0.00122468
              8      0.0009788    -0.00038735     0.00108704
              9     -0.0036192   -0.000746444     0.00102385
             10      0.0008124    -0.00059056    0.000933256
             11     -0.0003464   -0.000568364    0.000848679
             12     -0.0013684   -0.000635033     0.00078057
             13      0.0027348   -0.000375815    0.000762354
             14     -0.0066036   -0.000820657     0.00082757
             15     -0.0034024   -0.000992773    0.000790094
             16     -0.0020548    -0.00105915    0.000743496
             17      0.0009584   -0.000940471     0.00070917
             18     -0.0005044   -0.000916244    0.000670185
             19      0.0040552   -0.000654589    0.000684086
             20     -0.0039768     -0.0008207    0.000669746
             21      0.0006632   -0.000750038     0.00064157
             22     -0.0004984     -0.0007386    0.000612509
             23     -0.0016028   -0.000776174     0.00058703
             24       0.002162    -0.00065375    0.000575194
             25     -0.0001612   -0.000634048    0.000552524
             26     -0.0020452   -0.000688323    0.000533932
             27     -0.0010188   -0.000700563    0.000514297
             28     -0.0003332   -0.000687443    0.000496097
             29      -0.004622   -0.000823117    0.000497196
             30      0.0017552   -0.000737173    0.000487994
             31        7.2e-06   -0.000713161    0.000472843
             32     -0.0049584   -0.000845825    0.000476314
             33      -0.000464   -0.000834255    0.000462021
             34      0.0003636   -0.000799024    0.000449773
             35      -0.005206   -0.000924937    0.000454205
             36       0.001208   -0.000865689    0.000445436
             37      0.0042056   -0.000728627    0.000453995
             38     -0.0005048   -0.000722737    0.000442086
             39      0.0004652   -0.000692277    0.000431798
             40      -0.002824    -0.00074557    0.000424279
             41       0.000184   -0.000722898    0.000414536
             42     -0.0028448   -0.000773419    0.000407734
             43     -0.0025216   -0.000814074    0.000400273
             44      0.0024064   -0.000740882    0.000397812
             45      0.0027608   -0.000663067    0.000396509
             46     -0.0002944   -0.000655052     0.00038797
             47      0.0035368   -0.000565864    0.000389832
             48      0.0003736   -0.000546292    0.000382202
             49     -0.0027868   -0.000592016    0.000377127
             50     -0.0067564   -0.000715304    0.000389215
