#     BLOCK:   ACTUAL_M:     M_AVE:       ERROR:
              1      0.0041068      0.0041068              0
              2      0.0104816      0.0072942     0.00225383
              3      0.0153276       0.009972     0.00265294
              4      -0.025098      0.0012045     0.00784925
              5      0.0118308     0.00332976     0.00656081
              6     -0.0146452    0.000333933     0.00611318
              7     -0.0079848   -0.000854457     0.00535413
              8      0.0100416     0.00050755     0.00485501
              9      0.0214736     0.00283711     0.00484231
             10     -0.0011608     0.00243732     0.00437455
             11     -0.0135788    0.000981309     0.00421221
             12      0.0222904     0.00275707     0.00421893
             13      0.0139524     0.00361825     0.00398132
             14     -0.0108024      0.0025882     0.00382787
             15      0.0022684     0.00256688     0.00357273
             16      -0.006206     0.00201858     0.00339125
             17     -0.0037692     0.00167812     0.00320881
             18     -0.0103416     0.00101036     0.00309925
             19       -0.00245    0.000828232     0.00294147
             20      0.0038344     0.00097854     0.00279824
             21      0.0015328     0.00100493     0.00266511
             22     -0.0027068    0.000836218     0.00254931
             23     -0.0058824    0.000544104     0.00245515
             24      0.0068724    0.000807783     0.00236697
             25     -0.0092704    0.000404656     0.00230636
             26     -0.0042256    0.000226569     0.00222452
             27      0.0051728    0.000409763     0.00214966
             28       0.010906    0.000784629     0.00210532
             29     -0.0061332    0.000546083     0.00204619
             30     -0.0155768    8.65333e-06     0.00204735
             31     -0.0113156   -0.000356645     0.00201363
             32      0.0129744      5.995e-05     0.00199333
             33     -0.0164868   -0.000441467     0.00199499
             34      0.0029864   -0.000340647     0.00193886
             35     -0.0075108   -0.000545509     0.00189426
             36      0.0069676   -0.000336811      0.0018531
             37      0.0009012   -0.000303351     0.00180332
             38     -0.0012864   -0.000329221     0.00175605
             39     -0.0272248    -0.00101885     0.00184147
             40      0.0084832     -0.0007813     0.00181069
             41      0.0230912   -0.000199044     0.00185778
             42     -0.0235568   -0.000755181     0.00189496
             43     -0.0191072    -0.00118197     0.00189835
             44      0.0129832   -0.000860036      0.0018823
             45      0.0008272   -0.000822542     0.00184085
             46     -0.0118496    -0.00106226     0.00181637
             47      0.0049556   -0.000934221     0.00178223
             48      0.0179512   -0.000540775       0.001788
             49       0.000886   -0.000511657     0.00175175
             50     -0.0055836   -0.000613096     0.00171965
