#     BLOCK:   ACTUAL_M:     M_AVE:       ERROR:
              1       0.004414       0.004414              0
              2      -0.000996       0.001709     0.00191272
              3     -0.0002772     0.00104693       0.001385
              4     -0.0069348     -0.0009485     0.00201626
              5      0.0020448    -0.00034984     0.00169956
              6     -0.0074348    -0.00153067     0.00177985
              7     -0.0061292     -0.0021876     0.00164235
              8      0.0008348     -0.0018098     0.00147988
              9     -0.0016004    -0.00178653     0.00131563
             10     -0.0038696    -0.00199484     0.00120044
             11      0.0047712    -0.00137975     0.00123891
             12     -0.0025356    -0.00147607     0.00113941
             13      -0.000562    -0.00140575     0.00105393
             14       0.001926    -0.00116777     0.00100516
             15      0.0032916    -0.00087048    0.000981128
             16         -4e-07     -0.0008161    0.000921313
             17     -0.0013988   -0.000850376    0.000867756
             18      0.0035316   -0.000606933    0.000853012
             19      -9.24e-05   -0.000579853    0.000808546
             20       -0.00412    -0.00075686    0.000787256
             21     -0.0009904   -0.000767981    0.000749846
             22      0.0017188   -0.000654945    0.000724232
             23     -0.0021204   -0.000718661    0.000695541
             24      0.0034236   -0.000546067    0.000687641
             25      0.0035652   -0.000381616    0.000679515
             26     -0.0012452   -0.000414831    0.000654191
             27      0.0041192   -0.000246904    0.000651158
             28      0.0005012   -0.000220186     0.00062845
             29     -0.0035508   -0.000335034    0.000617185
             30     -0.0025972    -0.00041044    0.000601201
             31     -0.0057412     -0.0005824    0.000605901
             32      0.0027288   -0.000478925    0.000595736
             33     -0.0022384   -0.000532242    0.000580065
             34        0.00079   -0.000493353    0.000564306
             35     -0.0036128    -0.00058248    0.000555177
             36     -0.0008652   -0.000590333    0.000539811
             37      0.0008532   -0.000551319    0.000526629
             38      0.0077256   -0.000333505    0.000555993
             39      0.0040752   -0.000220462    0.000553109
             40      0.0004544    -0.00020359    0.000539539
             41       0.005048   -7.55024e-05     0.00054137
             42     -0.0008264    -9.3381e-05    0.000528775
             43      0.0002568   -8.52372e-05    0.000516541
             44      0.0024276   -2.81273e-05    0.000507949
             45     -0.0007844   -4.49333e-05    0.000496939
             46      0.0019472   -1.62609e-06    0.000488019
             47     -0.0003756   -9.58298e-06    0.000477701
             48      0.0025296    4.33167e-05    0.000470669
             49     -0.0065452   -9.11429e-05    0.000479885
             50       0.000212     -8.508e-05    0.000470326
