#     BLOCK:   ACTUAL_M:     M_AVE:       ERROR:
              1        -0.0001        -0.0001              0
              2      0.0010316      0.0004658    0.000400081
              3     -0.0007676    5.46667e-05    0.000428751
              4      0.0014144      0.0003946    0.000435969
              5      0.0025312     0.00082192    0.000517422
              6      0.0022896     0.00106653    0.000485576
              7     -0.0030792    0.000474286    0.000688388
              8     -0.0011124     0.00027595    0.000630264
              9     -0.0013628    9.38667e-05    0.000585947
             10     -0.0046328     -0.0003788    0.000692223
             11      0.0005996   -0.000289855    0.000634982
             12     -0.0003244   -0.000292733    0.000582074
             13       0.002846   -5.12923e-05    0.000585235
             14     -0.0006548      -9.44e-05    0.000545017
             15      0.0035908     0.00015128    0.000561332
             16      -0.000536    0.000108325    0.000527889
             17      0.0006428    0.000139765    0.000497772
             18       5.88e-05    0.000135267    0.000470139
             19      0.0020712    0.000237158    0.000456302
             20     -0.0010848     0.00017106    0.000438248
             21     -0.0016996     8.1981e-05    0.000426336
             22      0.0005052    0.000101218    0.000407391
             23      -4.68e-05    9.47826e-05    0.000389729
             24     -0.0006712    6.28667e-05    0.000374795
             25     -0.0046696   -0.000126432    0.000404795
             26     -0.0004616   -0.000139323    0.000389431
             27      -0.000744   -0.000161719    0.000375651
             28     -0.0023452     -0.0002397    0.000370241
             29     -0.0038172   -0.000363062    0.000377467
             30      0.0057632   -0.000158853    0.000416475
             31     -0.0014952   -0.000201961    0.000405266
             32      0.0002796   -0.000186913     0.00039288
             33     -0.0022312   -0.000248861    0.000385828
             34     -0.0031356   -0.000333765    0.000383708
             35      0.0027848   -0.000244663    0.000382951
             36        0.00412   -0.000123422    0.000391035
             37      0.0022224   -6.00216e-05    0.000385572
             38      0.0014044   -2.14842e-05    0.000377346
             39     -0.0015432   -6.05026e-05    0.000369682
             40      -0.003646    -0.00015014    0.000371148
             41     -0.0026376    -0.00021081    0.000367021
             42     -0.0001504   -0.000209371    0.000358285
             43     -0.0018236   -0.000246912    0.000351914
             44      -0.002582   -0.000299982    0.000347895
             45      0.0016896   -0.000255769    0.000342962
             46      0.0022796   -0.000200652    0.000339906
             47     -0.0017748   -0.000234145     0.00033432
             48      0.0015892   -0.000196158    0.000329506
             49      -1.72e-05   -0.000192506    0.000322802
             50      0.0018228     -0.0001522    0.000318852
