#     BLOCK:   ACTUAL_M:     M_AVE:       ERROR:
              1      0.0022948      0.0022948              0
              2     -0.0093388      -0.003522      0.0041131
              3     -0.0009504     -0.0026648     0.00282998
              4      -0.010886     -0.0047201     0.00277004
              5     -0.0071256     -0.0052012     0.00225743
              6     -0.0013376    -0.00455727     0.00197089
              7      0.0207376   -0.000943714     0.00374783
              8      0.0089668      0.0002951     0.00347807
              9     -0.0006532    0.000189733     0.00309321
             10      -0.007304    -0.00055964     0.00287323
             11        0.00564    3.96364e-06     0.00266673
             12     -0.0105892     -0.0008788     0.00258649
             13     -0.0002508   -0.000830492     0.00238798
             14      0.0022504   -0.000610429     0.00222753
             15     -0.0011292   -0.000645013     0.00207929
             16     -0.0109024     -0.0012861     0.00204578
             17          0.007   -0.000798682     0.00198266
             18     -0.0056392     -0.0010676     0.00189066
             19     -0.0093608    -0.00150408     0.00184085
             20      0.0138736     -0.0007352     0.00190261
             21      0.0014624   -0.000630552     0.00181489
             22      0.0015924   -0.000529509      0.0017352
             23     -0.0039052   -0.000676278     0.00166596
             24      -0.001684   -0.000718267     0.00159707
             25      -0.009392    -0.00106522     0.00157042
             26     -0.0066156    -0.00127869     0.00152446
             27     -0.0129324    -0.00171031     0.00152788
             28     -0.0030492    -0.00175813     0.00147406
             29     -0.0099208     -0.0020396     0.00144986
             30      0.0094112    -0.00165791      0.0014509
             31       0.000394    -0.00159172     0.00140561
             32      0.0061052    -0.00135119     0.00138211
             33     -0.0017392    -0.00136295     0.00134027
             34      0.0106936    -0.00100834     0.00134695
             35     -0.0083252    -0.00121739     0.00132459
             36     -0.0050252    -0.00132317     0.00129201
             37     -0.0043992     -0.0014063     0.00125976
             38      0.0053144    -0.00122944     0.00123896
             39      0.0012556    -0.00116572     0.00120883
             40      0.0060992     -0.0009841     0.00119218
             41      0.0028072   -0.000891629     0.00116668
             42     -0.0045804   -0.000979457      0.0011422
             43     -0.0105272     -0.0012015     0.00113702
             44       0.004932     -0.0010621     0.00111969
             45     -0.0007032    -0.00105412     0.00109484
             46      0.0022772   -0.000981704     0.00107343
             47      0.0103328    -0.00074097     0.00107724
             48     -0.0005924   -0.000737875     0.00105481
             49     -0.0071212   -0.000868147     0.00104129
             50     -0.0044444   -0.000939672     0.00102292
