#     BLOCK:   ACTUAL_CV:    CV_AVE:      ERROR:
           1    0.452266    0.452266           0
           2    0.444006    0.448136  0.00292032
           3    0.435246    0.443839  0.00401227
           4     0.44265    0.443542  0.00302019
           5    0.441595    0.443153  0.00244113
           6    0.443366    0.443188  0.00203453
           7    0.440849    0.442854  0.00177111
           8    0.439669    0.442456  0.00159385
           9    0.446775    0.442936  0.00148726
          10    0.436861    0.442328  0.00145733
          11    0.433222    0.441501  0.00154214
          12     0.44117    0.441473  0.00141387
          13    0.447458    0.441933  0.00137804
          14    0.437323    0.441604  0.00131837
          15    0.435788    0.441216  0.00128623
          16     0.43562    0.440867  0.00125249
          17    0.434641      0.4405  0.00123119
          18    0.439357    0.440437  0.00116443
          19    0.439486    0.440387  0.00110422
          20    0.434673    0.440101  0.00108534
          21     0.43306    0.439766   0.0010842
          22    0.438539     0.43971  0.00103635
          23    0.441647    0.439794 0.000994708
          24    0.441337    0.439859 0.000955337
          25      0.4473    0.440156  0.00096238
          26    0.444321    0.440316 0.000938601
          27    0.444581    0.440474 0.000917029
          28    0.438141    0.440391 0.000888057
          29    0.440496    0.440395 0.000857441
          30    0.442569    0.440467 0.000831917
          31    0.443432    0.440563 0.000810559
          32    0.444099    0.440673 0.000792725
          33    0.440837    0.440678 0.000768718
          34    0.431636    0.440412 0.000790773
          35    0.450458    0.440699 0.000818612
          36    0.435279    0.440549 0.000809601
          37    0.437194    0.440458 0.000792782
          38    0.442877    0.440522  0.00077447
          39    0.441256     0.44054 0.000754841
          40    0.435152    0.440406 0.000747892
          41    0.428611    0.440118 0.000783025
          42    0.436844     0.44004 0.000768252
          43    0.445146    0.440159 0.000759505
          44    0.439309     0.44014 0.000742489
          45    0.432764    0.439976 0.000743858
          46    0.435322    0.439875 0.000734535
          47    0.449412    0.440077 0.000746409
          48    0.442346    0.440125 0.000732353
          49     0.44813    0.440288 0.000735402
          50    0.438736    0.440257 0.000721349
