#     BLOCK:   ACTUAL_CV:    CV_AVE:      ERROR:
           1    0.231295    0.231295           0
           2    0.232943    0.232119 0.000582939
           3    0.233079    0.232439 0.000468266
           4    0.231416    0.232183 0.000415258
           5    0.232876    0.232322 0.000354579
           6    0.233104    0.232452 0.000318578
           7    0.233721    0.232633 0.000320485
           8    0.233063    0.232687 0.000284899
           9    0.231992     0.23261 0.000263497
          10    0.233491    0.232698  0.00025144
          11    0.234748    0.232884 0.000289539
          12    0.231385    0.232759 0.000291121
          13    0.235459    0.232967 0.000334709
          14    0.233239    0.232987 0.000311364
          15    0.232353    0.232944 0.000293455
          16    0.230088    0.232766 0.000324896
          17    0.233168     0.23279 0.000306647
          18     0.23132    0.232708 0.000300285
          19    0.233442    0.232747 0.000286954
          20    0.231534    0.232686 0.000278941
          21    0.233907    0.232744 0.000271647
          22    0.233434    0.232775 0.000261101
          23    0.234661    0.232857 0.000262299
          24    0.231725     0.23281 0.000255577
          25    0.232131    0.232783 0.000246795
          26    0.232108    0.232757 0.000238664
          27    0.232472    0.232746 0.000230057
          28    0.231764    0.232711 0.000224498
          29    0.232356    0.232699 0.000217092
          30    0.231554    0.232661 0.000213182
          31    0.232062    0.232642 0.000207179
          32    0.233727    0.232676  0.00020346
          33    0.231362    0.232636 0.000201152
          34    0.230148    0.232563 0.000208116
          35    0.232477     0.23256 0.000202185
          36    0.234811    0.232623 0.000206008
          37     0.23145    0.232591 0.000202864
          38    0.234496    0.232641 0.000203623
          39    0.230788    0.232594  0.00020387
          40    0.233117    0.232607 0.000199193
          41    0.231562    0.232581 0.000195957
          42    0.234582    0.232629 0.000196995
          43     0.23258    0.232628 0.000192417
          44    0.233538    0.232648 0.000189153
          45    0.232273     0.23264 0.000185134
          46    0.233566     0.23266 0.000182201
          47    0.231955    0.232645 0.000178941
          48    0.232543    0.232643 0.000175225
          49     0.23232    0.232636 0.000171773
          50     0.23146    0.232613 0.000169941
