#     BLOCK:   ACTUAL_CV:    CV_AVE:      ERROR:
           1    0.214763    0.214763           0
           2    0.214231    0.214497 0.000188072
           3    0.214303    0.214432 0.000136039
           4      0.2128    0.214024  0.00036794
           5    0.214291    0.214077 0.000298185
           6    0.214039    0.214071 0.000248558
           7    0.214065     0.21407 0.000213051
           8    0.213959    0.214056 0.000186875
           9    0.212243    0.213855 0.000252306
          10    0.212832    0.213752 0.000246936
          11    0.213119    0.213695   0.0002311
          12    0.213871     0.21371 0.000212308
          13    0.214242     0.21375 0.000199884
          14    0.214661    0.213815 0.000195898
          15    0.213297    0.213781 0.000185867
          16    0.211313    0.213627 0.000229506
          17    0.213589    0.213624 0.000216017
          18    0.214337    0.213664 0.000207608
          19    0.214311    0.213698 0.000199453
          20    0.214126    0.213719 0.000190624
          21    0.214166    0.213741 0.000182727
          22    0.212277    0.213674  0.00018614
          23    0.214268      0.2137  0.00017983
          24     0.21275     0.21366 0.000176639
          25    0.214188    0.213681 0.000170828
          26    0.213482    0.213674  0.00016443
          27    0.214003    0.213686 0.000158792
          28    0.212597    0.213647  0.00015781
          29    0.213601    0.213646 0.000152377
          30    0.212905    0.213621 0.000149281
          31    0.213513    0.213617 0.000144506
          32     0.21432    0.213639 0.000141647
          33    0.211126    0.213563   0.0001565
          34    0.212874    0.213543 0.000153204
          35    0.212405     0.21351 0.000152237
          36    0.214768    0.213545 0.000151961
          37    0.213753    0.213551 0.000147957
          38    0.214594    0.213578 0.000146587
          39    0.212445    0.213549  0.00014568
          40    0.214468    0.213572 0.000143835
          41       0.213    0.213558 0.000141003
          42    0.214928    0.213591 0.000141368
          43     0.21253    0.213566 0.000140215
          44    0.214857    0.213596 0.000140065
          45    0.213539    0.213594 0.000136958
          46    0.213137    0.213584 0.000134341
          47    0.212904     0.21357 0.000132261
          48    0.214002    0.213579 0.000129812
          49    0.214016    0.213588 0.000127468
          50    0.213715     0.21359 0.000124944
