#     BLOCK:   ACTUAL_CV:    CV_AVE:      ERROR:
           1    0.198418    0.198418           0
           2    0.197271    0.197845 0.000405571
           3    0.195771    0.197153 0.000625879
           4    0.196702     0.19704 0.000479491
           5    0.197145    0.197061 0.000384049
           6    0.196409    0.196953 0.000335096
           7       0.197    0.196959 0.000287292
           8    0.195924     0.19683  0.00027899
           9     0.19589    0.196725 0.000266818
          10    0.196772     0.19673 0.000240177
          11    0.196475    0.196707 0.000219462
          12     0.19635    0.196677 0.000203178
          13    0.197142    0.196713 0.000190674
          14     0.19651    0.196698 0.000177607
          15    0.196514    0.196686 0.000166193
          16    0.195724    0.196626 0.000166335
          17    0.196315    0.196608 0.000157555
          18    0.196313    0.196591  0.00014965
          19    0.196832    0.196604 0.000142308
          20    0.196922     0.19662 0.000136081
          21    0.197691    0.196671 0.000138839
          22     0.19654    0.196665 0.000132656
          23    0.197548    0.196703 0.000132325
          24    0.196093    0.196678 0.000129228
          25    0.197587    0.196714 0.000129071
          26    0.196635    0.196711 0.000124143
          27    0.197128    0.196727 0.000120503
          28    0.195881    0.196696 0.000119924
          29     0.19688    0.196703 0.000115955
          30    0.197059    0.196715 0.000112696
          31    0.196835    0.196719 0.000109128
          32    0.197234    0.196735 0.000106902
          33    0.194731    0.196674 0.000119665
          34    0.195746    0.196647 0.000119217
          35    0.196472    0.196642 0.000115916
          36    0.196176    0.196629 0.000113414
          37    0.196052    0.196613 0.000111417
          38    0.198187    0.196655 0.000115926
          39    0.196608    0.196653  0.00011296
          40    0.197522    0.196675 0.000112203
          41     0.19615    0.196662 0.000110193
          42    0.196224    0.196652 0.000108063
          43    0.196549    0.196649 0.000105577
          44    0.197444    0.196667  0.00010471
          45    0.197064    0.196676 0.000102753
          46    0.197011    0.196684 0.000100777
          47    0.197289    0.196696 9.94533e-05
          48    0.197754    0.196719 9.97928e-05
          49    0.196995    0.196724 9.79161e-05
          50    0.196613    0.196722 9.59832e-05
