#     BLOCK:   ACTUAL_CV:    CV_AVE:      ERROR:
           1    0.429415    0.429415           0
           2    0.423825     0.42662  0.00197636
           3    0.419852    0.424364  0.00226473
           4    0.425308      0.4246  0.00171081
           5     0.42539    0.424758  0.00137593
           6     0.41587    0.423277  0.00177301
           7    0.420058    0.422817  0.00157822
           8    0.414618    0.421792   0.0016811
           9    0.429298    0.422626  0.00168855
          10    0.427247    0.423088  0.00158166
          11    0.425726    0.423328  0.00145594
          12     0.42873    0.423778  0.00140249
          13    0.430982    0.424332  0.00139981
          14    0.413529    0.423561  0.00149749
          15    0.430052    0.423993  0.00145886
          16      0.4199    0.423738  0.00138993
          17    0.420747    0.423562  0.00131925
          18    0.421944    0.423472  0.00124902
          19    0.428549    0.423739  0.00121153
          20     0.43439    0.424272  0.00126258
          21    0.419236    0.424032  0.00122501
          22    0.423848    0.424023  0.00116936
          23    0.424604    0.424049  0.00111879
          24     0.42119     0.42393   0.0010785
          25    0.442056    0.424655  0.00125565
          26    0.420909    0.424511  0.00121559
          27    0.421685    0.424406  0.00117506
          28    0.444771    0.425133  0.00133942
          29    0.425695    0.425153  0.00129337
          30    0.433492    0.425431  0.00127978
          31    0.428243    0.425521  0.00124171
          32    0.422328    0.425422  0.00120691
          33    0.422679    0.425338  0.00117319
          34    0.416234    0.425071  0.00116885
          35    0.419852    0.424922  0.00114492
          36    0.430412    0.425074  0.00112323
          37    0.426958    0.425125  0.00109403
          38    0.414598    0.424848  0.00109975
          39    0.410743    0.424486  0.00112946
          40    0.428777    0.424594   0.0011063
          41    0.422805     0.42455  0.00108018
          42    0.415837    0.424342   0.0010742
          43    0.443547    0.424789  0.00113828
          44    0.424818     0.42479  0.00111241
          45    0.412084    0.424507  0.00112295
          46    0.419177    0.424392   0.0011045
          47    0.429278    0.424495  0.00108589
          48    0.416263    0.424324  0.00107672
          49    0.415659    0.424147  0.00106917
          50     0.43364    0.424337  0.00106451
