#     BLOCK:   ACTUAL_CV:    CV_AVE:      ERROR:
           1    0.300333    0.300333           0
           2     0.30194    0.301137  0.00056807
           3    0.300587    0.300953 0.000407205
           4      0.2995     0.30059 0.000438502
           5    0.303191     0.30111 0.000582646
           6    0.301886    0.301239 0.000499663
           7    0.300791    0.301175  0.00043237
           8    0.304156    0.301548 0.000514404
           9     0.30142    0.301534 0.000457444
          10    0.300276    0.301408 0.000428631
          11    0.299889     0.30127 0.000411313
          12    0.300364    0.301194 0.000383902
          13    0.302448    0.301291 0.000366278
          14    0.301742    0.301323 0.000341529
          15     0.30139    0.301328  0.00031879
          16    0.302064    0.301374 0.000302169
          17    0.303931    0.301524 0.000319656
          18    0.296902    0.301267 0.000391669
          19    0.301304    0.301269  0.00037106
          20    0.304027    0.301407 0.000377252
          21     0.30373    0.301518 0.000375151
          22    0.303858    0.301624 0.000372879
          23    0.302173    0.301648 0.000357431
          24    0.301947     0.30166 0.000342755
          25    0.301577    0.301657 0.000329061
          26     0.30354    0.301729 0.000324279
          27    0.303509    0.301795 0.000318895
          28    0.299785    0.301724 0.000315489
          29    0.301682    0.301722 0.000304613
          30    0.304024    0.301799  0.00030397
          31     0.30061    0.301761 0.000296574
          32    0.304309     0.30184 0.000297808
          33    0.305244    0.301943 0.000306129
          34      0.2993    0.301866  0.00030684
          35    0.298796    0.301778  0.00031035
          36    0.305587    0.301884 0.000319261
          37    0.300794    0.301854 0.000311988
          38    0.301525    0.301846 0.000303899
          39    0.303281    0.301882 0.000298328
          40    0.299775     0.30183 0.000295486
          41    0.303313    0.301866 0.000290485
          42    0.300542    0.301834 0.000285275
          43    0.303977    0.301884 0.000282957
          44    0.299712    0.301835   0.0002808
          45    0.301855    0.301835  0.00027456
          46    0.302162    0.301842 0.000268683
          47    0.302732    0.301861 0.000263632
          48    0.303523    0.301896 0.000260404
          49    0.302594     0.30191 0.000255479
          50    0.299602    0.301864 0.000254507
