#     BLOCK:   ACTUAL_CV:    CV_AVE:      ERROR:
           1    0.358467    0.358467           0
           2    0.358972    0.358719 0.000178623
           3    0.357562    0.358333 0.000336901
           4    0.356546    0.357887  0.00046216
           5    0.361717    0.358653 0.000778535
           6     0.36232    0.359264 0.000855731
           7    0.355154    0.358677 0.000912984
           8    0.357303    0.358505 0.000814856
           9    0.355534    0.358175 0.000788366
          10    0.355818    0.357939 0.000743935
          11    0.356805    0.357836 0.000683417
          12    0.358322    0.357876 0.000627665
          13    0.362428    0.358227 0.000669939
          14    0.354227    0.357941 0.000680282
          15     0.35761    0.357919 0.000635288
          16    0.356033    0.357801 0.000606418
          17    0.356223    0.357708 0.000577804
          18    0.359109    0.357786 0.000550923
          19    0.361302    0.357971 0.000552133
          20     0.36214    0.358179 0.000562494
          21    0.358198     0.35818 0.000535709
          22    0.357423    0.358146 0.000512463
          23    0.357813    0.358131 0.000490387
          24    0.356154    0.358049 0.000476822
          25    0.357251    0.358017 0.000458817
          26     0.35838    0.358031 0.000441382
          27    0.361316    0.358153 0.000441485
          28    0.356388     0.35809 0.000430193
          29     0.36089    0.358186 0.000426055
          30    0.357416    0.358161 0.000412625
          31     0.35839    0.358168 0.000399381
          32    0.354135    0.358042 0.000406302
          33     0.36035    0.358112 0.000399965
          34     0.35939    0.358149 0.000389962
          35    0.358012    0.358146  0.00037884
          36    0.362308    0.358261 0.000385556
          37     0.35611    0.358203 0.000379494
          38     0.35568    0.358137 0.000375272
          39    0.360542    0.358198 0.000370681
          40    0.355556    0.358132 0.000367254
          41    0.357905    0.358127 0.000358339
          42    0.359118     0.35815 0.000350583
          43    0.358421    0.358157 0.000342486
          44    0.355938    0.358106 0.000338393
          45    0.357188    0.358086 0.000331488
          46    0.357199    0.358066 0.000324842
          47    0.362608    0.358163 0.000331991
          48    0.357884    0.358157 0.000325126
          49    0.360758     0.35821 0.000322794
          50    0.359306    0.358232 0.000317081
