#     BLOCK:   ACTUAL_CV:    CV_AVE:      ERROR:
           1    0.438787    0.438787           0
           2    0.440578    0.439682  0.00063329
           3    0.424769    0.434711   0.0040809
           4    0.431875    0.434002  0.00312168
           5    0.439709    0.435143  0.00269793
           6    0.423455    0.433195  0.00286657
           7    0.429371    0.432649  0.00250858
           8    0.440183    0.433591  0.00236518
           9    0.439516    0.434249   0.0021921
          10    0.432529    0.434077  0.00197963
          11    0.429294    0.433642   0.0018468
          12    0.431462    0.433461  0.00170181
          13    0.426592    0.432932  0.00165089
          14    0.429929    0.432718  0.00154685
          15    0.434008    0.432804  0.00144611
          16    0.434786    0.432928  0.00136102
          17    0.445402    0.433661  0.00146547
          18    0.423174    0.433079   0.0014954
          19    0.426549    0.432735  0.00145564
          20    0.419642     0.43208  0.00152298
          21    0.427804    0.431877  0.00146401
          22     0.43909    0.432205  0.00143371
          23    0.440064    0.432546  0.00141151
          24     0.43199    0.432523  0.00135288
          25    0.435978    0.432661  0.00130581
          26     0.43702    0.432829   0.0012663
          27    0.429066     0.43269  0.00122705
          28    0.432194    0.432672  0.00118335
          29     0.42964    0.432567  0.00114716
          30    0.436921    0.432712  0.00111806
          31    0.440631    0.432968  0.00111079
          32    0.446819    0.433401  0.00115734
          33     0.43148    0.433343  0.00112373
          34    0.429067    0.433217  0.00109769
          35     0.42215    0.432901  0.00111094
          36    0.431986    0.432875  0.00108037
          37    0.436663    0.432978  0.00105601
          38    0.439677    0.433154  0.00104283
          39    0.438261    0.433285  0.00102428
          40    0.441517    0.433491  0.00101914
          41    0.436515    0.433564 0.000996951
          42    0.434683    0.433591  0.00097357
          43    0.424253    0.433374 0.000974847
          44    0.427243    0.433235 0.000962598
          45    0.428018    0.433119 0.000948162
          46    0.435063    0.433161 0.000928492
          47    0.432923    0.433156  0.00090875
          48    0.441201    0.433323 0.000905144
          49    0.447988    0.433623  0.00093484
          50    0.428887    0.433528 0.000920928
