#     BLOCK:   ACTUAL_CV:    CV_AVE:      ERROR:
           1    0.342737    0.342737           0
           2    0.329546    0.336142  0.00466365
           3    0.320806     0.33103  0.00520458
           4    0.324419    0.329377  0.00415757
           5     0.33735    0.330972  0.00361898
           6    0.340315    0.332529  0.00333404
           7    0.332647    0.332546  0.00285779
           8    0.334006    0.332728  0.00250639
           9    0.316346    0.330908  0.00281225
          10    0.317299    0.329547  0.00284132
          11    0.311035    0.327864  0.00304084
          12    0.344781    0.329274  0.00309703
          13    0.306269    0.327504  0.00332618
          14    0.308241    0.326128  0.00336118
          15    0.329174    0.326331  0.00314323
          16    0.329862    0.326552  0.00295451
          17    0.317022    0.325991   0.0028334
          18    0.330588    0.326247  0.00268747
          19    0.329896    0.326439  0.00255288
          20    0.326146    0.326424  0.00242528
          21    0.316513    0.325952  0.00235527
          22     0.33837    0.326517  0.00231485
          23     0.32519    0.326459  0.00221493
          24    0.340792    0.327056  0.00220168
          25    0.335283    0.327385  0.00213806
          26    0.332898    0.327597  0.00206631
          27    0.344916    0.328239  0.00208696
          28    0.317086     0.32784  0.00205009
          29    0.338801    0.328218  0.00201393
          30    0.327898    0.328208  0.00194683
          31     0.33005    0.328267  0.00188494
          32     0.33934    0.328613  0.00185752
          33    0.313869    0.328166  0.00185419
          34    0.315016     0.32778  0.00183956
          35    0.331045    0.327873  0.00178936
          36    0.343242      0.3283  0.00178986
          37    0.338039    0.328563  0.00176074
          38    0.346121    0.329025    0.001774
          39    0.332476    0.329114  0.00173071
          40    0.330746    0.329154  0.00168793
          41    0.334038    0.329273  0.00165096
          42    0.323069    0.329126  0.00161824
          43    0.362632    0.329905  0.00175823
          44    0.308922    0.329428  0.00178177
          45    0.345236    0.329779  0.00177647
          46    0.326219    0.329702  0.00173953
          47    0.316862    0.329429  0.00172384
          48     0.30852    0.328993  0.00174209
          49     0.29446    0.328288  0.00184359
          50    0.337543    0.328474  0.00181599
