#     BLOCK:   ACTUAL_CV:    CV_AVE:      ERROR:
           1    0.387886    0.387886           0
           2    0.385837    0.386862 0.000724116
           3    0.385872    0.386532 0.000552783
           4    0.388408    0.387001 0.000580405
           5    0.389075    0.387416 0.000594415
           6    0.387879    0.387493 0.000500335
           7    0.381882    0.386691 0.000857103
           8     0.38751    0.386794 0.000756058
           9    0.383617    0.386441 0.000749923
          10    0.384559    0.386253 0.000698148
          11    0.384498    0.386093  0.00065264
          12    0.385422    0.386037 0.000600641
          13    0.389979     0.38634 0.000626315
          14    0.384246    0.386191 0.000599172
          15    0.388071    0.386316 0.000572195
          16     0.38279    0.386096 0.000577309
          17    0.385839    0.386081 0.000543547
          18    0.383957    0.385963 0.000526002
          19    0.389574    0.386153 0.000531556
          20    0.388578    0.386274 0.000518621
          21    0.383529    0.386143 0.000510138
          22     0.38492    0.386088  0.00048997
          23    0.389359     0.38623 0.000488879
          24    0.386872    0.386257 0.000469241
          25    0.385821    0.386239 0.000450795
          26    0.383589    0.386137 0.000444829
          27    0.388202    0.386214 0.000434876
          28    0.387775     0.38627 0.000422905
          29    0.386068    0.386263 0.000408379
          30    0.383854    0.386182 0.000402583
          31    0.383157    0.386085 0.000401251
          32    0.384024     0.38602 0.000393848
          33    0.381118    0.385872 0.000408971
          34    0.384318    0.385826 0.000399488
          35    0.387924    0.385886 0.000392545
          36    0.385974    0.385888 0.000381648
          37    0.382332    0.385792  0.00038325
          38    0.385962    0.385797  0.00037319
          39    0.391868    0.385952 0.000394755
          40    0.389758    0.386048 0.000396183
          41    0.387589    0.386085   0.0003883
          42    0.389335    0.386163 0.000386688
          43    0.386307    0.386166  0.00037771
          44    0.384377    0.386125 0.000371308
          45    0.386567    0.386135 0.000363187
          46    0.387857    0.386173 0.000357214
          47    0.389137    0.386236 0.000355138
          48    0.388259    0.386278 0.000350231
          49    0.388194    0.386317  0.00034526
          50    0.384904    0.386289 0.000339509
