#     BLOCK:   ACTUAL_CV:    CV_AVE:      ERROR:
           1    0.276078    0.276078           0
           2    0.275754    0.275916 0.000114315
           3    0.277608     0.27648 0.000466741
           4    0.277541    0.276745 0.000418662
           5    0.276578    0.276712 0.000336259
           6    0.276996    0.276759 0.000283528
           7    0.274689    0.276463 0.000366121
           8    0.277417    0.276583 0.000339217
           9    0.278066    0.276747 0.000339221
          10    0.276264    0.276699  0.00030872
          11    0.276043    0.276639 0.000286364
          12    0.273235    0.276356 0.000377723
          13    0.283388    0.276897 0.000625852
          14    0.274546    0.276729 0.000603255
          15    0.276274    0.276698   0.0005638
          16    0.277409    0.276743 0.000530307
          17     0.27578    0.276686 0.000502131
          18    0.276754     0.27669 0.000474249
          19    0.277434    0.276729 0.000450904
          20    0.278625    0.276824 0.000438213
          21    0.278642    0.276911 0.000425814
          22    0.276237     0.27688 0.000407556
          23    0.275266     0.27681 0.000395828
          24    0.276777    0.276808 0.000379337
          25     0.27696    0.276814 0.000364212
          26    0.276228    0.276792 0.000350901
          27    0.276201     0.27677 0.000338586
          28    0.277187    0.276785 0.000326821
          29    0.278596    0.276847 0.000321464
          30    0.277008    0.276853 0.000310793
          31     0.27225    0.276704 0.000334359
          32    0.276948    0.276712 0.000323997
          33    0.276994     0.27672 0.000314292
          34    0.274923    0.276668 0.000309461
          35    0.274027    0.276592 0.000309679
          36    0.281976    0.276742 0.000335251
          37    0.277801     0.27677  0.00032741
          38    0.276791    0.276771 0.000318795
          39    0.277594    0.276792 0.000311318
          40    0.275689    0.276764 0.000304754
          41    0.274219    0.276702 0.000303577
          42    0.276978    0.276709  0.00029642
          43    0.275127    0.276672 0.000291799
          44    0.276912    0.276678 0.000285218
          45    0.275164    0.276644 0.000280857
          46    0.273853    0.276583 0.000281229
          47    0.277897    0.276611  0.00027663
          48    0.277283    0.276625 0.000271221
          49    0.276548    0.276624  0.00026569
          50    0.275853    0.276608 0.000260824
