#     BLOCK:   ACTUAL_CV:    CV_AVE:      ERROR:
           1    0.432409    0.432409           0
           2    0.426995    0.429702   0.0019142
           3    0.433295    0.430899  0.00160778
           4    0.441162    0.433465  0.00252809
           5    0.433091     0.43339  0.00202358
           6    0.437119    0.434012  0.00177918
           7    0.438131      0.4346  0.00161941
           8    0.434505    0.434588  0.00141703
           9     0.43254    0.434361  0.00127774
          10    0.429365    0.433861   0.0012438
          11    0.434696    0.433937  0.00113304
          12    0.428077    0.433449    0.001139
          13    0.438097    0.433806  0.00110609
          14    0.435497    0.433927  0.00103366
          15    0.431986    0.433798 0.000972818
          16    0.426982    0.433372  0.00100095
          17    0.438128    0.433652   0.0009804
          18    0.428724    0.433378 0.000963399
          19    0.432832    0.433349 0.000913122
          20    0.431531    0.433258  0.00087198
          21    0.433031    0.433247 0.000830525
          22    0.430556    0.433125 0.000801735
          23    0.428223    0.432912 0.000794701
          24     0.42904     0.43275 0.000777794
          25    0.431001     0.43268 0.000749823
          26    0.438817    0.432916 0.000757216
          27    0.426634    0.432684 0.000764089
          28    0.433604    0.432717 0.000737507
          29    0.435663    0.432818 0.000719041
          30    0.431144    0.432762 0.000697235
          31    0.429324    0.432652  0.00068351
          32    0.433008    0.432663 0.000662241
          33    0.434643    0.432723 0.000644887
          34    0.428274    0.432592 0.000639055
          35    0.429013     0.43249 0.000628924
          36    0.436097     0.43259 0.000619386
          37    0.430316    0.432528 0.000605687
          38    0.436028     0.43262 0.000596708
          39    0.431402    0.432589 0.000582226
          40    0.436194    0.432679 0.000574604
          41    0.424737    0.432486 0.000592345
          42    0.426961    0.432354 0.000592669
          43    0.429511    0.432288 0.000582563
          44    0.435211    0.432354 0.000573098
          45    0.430871    0.432321  0.00056131
          46    0.435551    0.432392  0.00055348
          47    0.431375     0.43237 0.000542127
          48    0.428419    0.432288 0.000537046
          49    0.434275    0.432328 0.000527615
          50    0.431969    0.432321 0.000517111
