#     BLOCK:   ACTUAL_CV:    CV_AVE:      ERROR:
           1    0.327868    0.327868           0
           2    0.329431     0.32865 0.000552507
           3    0.327997    0.328432 0.000408937
           4    0.328712    0.328502 0.000312619
           5    0.333572    0.329516 0.000940805
           6    0.332184    0.329961 0.000882861
           7    0.326454     0.32946 0.000887551
           8    0.328762    0.329372  0.00078088
           9    0.325739    0.328969 0.000791612
          10    0.329807    0.329053 0.000716873
          11    0.331669     0.32929 0.000690033
          12    0.330091    0.329357 0.000635751
          13    0.331056    0.329488 0.000600125
          14    0.325726    0.329219 0.000614482
          15    0.330473    0.329303 0.000579179
          16    0.329772    0.329332 0.000543723
          17     0.32774    0.329238 0.000519738
          18      0.3291    0.329231  0.00049092
          19    0.329736    0.329257 0.000465801
          20    0.329853    0.329287 0.000443463
          21    0.328785    0.329263 0.000422991
          22    0.328964     0.32925 0.000403983
          23    0.328769    0.329229 0.000386958
          24    0.328076    0.329181 0.000373805
          25    0.328357    0.329148 0.000360303
          26    0.327724    0.329093 0.000350581
          27     0.33391    0.329271 0.000380295
          28    0.331162    0.329339 0.000372658
          29    0.328411    0.329307  0.00036118
          30    0.332247    0.329405 0.000362189
          31    0.328237    0.329367 0.000352461
          32    0.327763    0.329317 0.000344993
          33    0.332574    0.329416 0.000348368
          34    0.327864     0.32937 0.000341099
          35    0.326638    0.329292 0.000340169
          36    0.332825     0.32939 0.000344587
          37     0.32468    0.329263 0.000358017
          38     0.33062    0.329299 0.000350373
          39    0.329644    0.329307   0.0003415
          40     0.32698    0.329249 0.000337885
          41    0.330343    0.329276 0.000330695
          42    0.330936    0.329315 0.000325175
          43    0.332345    0.329386 0.000325155
          44    0.328382    0.329363 0.000318564
          45    0.327895    0.329331 0.000313151
          46    0.327065    0.329281 0.000310192
          47    0.330943    0.329317 0.000305599
          48    0.331251    0.329357 0.000301877
          49    0.331256    0.329396 0.000298193
          50    0.328878    0.329385 0.000292409
