#     BLOCK:   ACTUAL_CV:    CV_AVE:      ERROR:
           1    0.252229    0.252229           0
           2    0.253976    0.253103 0.000617944
           3    0.253828    0.253344 0.000456854
           4    0.253214    0.253312 0.000343802
           5     0.25371    0.253391 0.000284118
           6     0.25453    0.253581 0.000293411
           7    0.252788    0.253468 0.000272519
           8    0.253374    0.253456 0.000238708
           9    0.251807    0.253273 0.000273601
          10    0.253385    0.253284 0.000246471
          11    0.253984    0.253348  0.00023213
          12    0.253468    0.253358 0.000213001
          13    0.254906    0.253477   0.0002275
          14     0.25306    0.253447 0.000213188
          15    0.254694     0.25353 0.000214569
          16    0.253124    0.253505 0.000202653
          17    0.253772    0.253521 0.000191339
          18    0.252577    0.253468 0.000187757
          19    0.253832    0.253487 0.000178846
          20    0.254883    0.253557 0.000183013
          21    0.254603    0.253607 0.000180945
          22    0.252505    0.253557 0.000179523
          23    0.252709     0.25352 0.000175459
          24    0.252136    0.253462 0.000177368
          25     0.25373    0.253473 0.000170597
          26    0.251986    0.253416 0.000173358
          27    0.253013    0.253401 0.000167578
          28    0.252908    0.253383 0.000162513
          29    0.253095    0.253373 0.000157213
          30    0.252446    0.253342 0.000154981
          31    0.250232    0.253242 0.000179551
          32    0.253969    0.253265 0.000175372
          33    0.253792    0.253281 0.000170783
          34    0.252515    0.253258 0.000167238
          35     0.25227     0.25323 0.000164826
          36    0.254833    0.253275 0.000166156
          37    0.252638    0.253257 0.000162553
          38      0.2549    0.253301 0.000163923
          39    0.252641    0.253284 0.000160589
          40    0.254078    0.253304 0.000157797
          41    0.253543    0.253309 0.000154056
          42    0.253814    0.253321 0.000150857
          43    0.253711     0.25333  0.00014762
          44    0.256068    0.253393 0.000156833
          45    0.252468    0.253372 0.000154688
          46    0.253446    0.253374 0.000151334
          47    0.253005    0.253366 0.000148317
          48    0.254893    0.253398   0.0001486
          49    0.253962    0.253409 0.000146014
          50    0.253579    0.253413 0.000143133
