#     BLOCK:   ACTUAL_CV:    CV_AVE:      ERROR:
           1    0.410217    0.410217           0
           2    0.414989    0.412603  0.00168708
           3      0.4134    0.412869  0.00114543
           4    0.414684    0.413322 0.000944757
           5    0.415137    0.413685 0.000822567
           6    0.413077    0.413584 0.000691695
           7    0.407788    0.412756 0.000969086
           8    0.411075    0.412546 0.000870436
           9    0.409868    0.412248 0.000823018
          10    0.411555    0.412179 0.000743631
          11    0.413104    0.412263  0.00068077
          12    0.413417    0.412359 0.000630796
          13    0.418044    0.412797 0.000718006
          14    0.417739     0.41315 0.000748491
          15    0.407124    0.412748 0.000799161
          16    0.410319    0.412596 0.000763497
          17    0.412725    0.412604 0.000718624
          18    0.409012    0.412404 0.000705859
          19     0.41602    0.412594 0.000693893
          20    0.416504     0.41279 0.000686186
          21    0.414061     0.41285 0.000656176
          22    0.411773    0.412801 0.000628176
          23    0.418324    0.413042 0.000645122
          24    0.413985    0.413081 0.000619439
          25    0.414487    0.413137  0.00059721
          26    0.413015    0.413132 0.000574259
          27    0.413507    0.413146 0.000553158
          28    0.416843    0.413278 0.000548932
          29    0.417033    0.413408 0.000545057
          30    0.407585    0.413214 0.000560385
          31    0.408649    0.413066 0.000561323
          32    0.408415    0.412921 0.000562283
          33    0.409501    0.412817 0.000554716
          34    0.410824    0.412759 0.000541492
          35     0.41068    0.412699 0.000529268
          36    0.415375    0.412774 0.000519758
          37    0.414223    0.412813 0.000507183
          38    0.411881    0.412788 0.000494429
          39     0.40819     0.41267 0.000495612
          40    0.413602    0.412694 0.000483769
          41    0.407572    0.412569 0.000487828
          42    0.412269    0.412562 0.000476266
          43     0.41033     0.41251 0.000468009
          44    0.411213     0.41248   0.0004583
          45    0.410881    0.412445 0.000449492
          46    0.416389    0.412531 0.000447823
          47    0.413838    0.412558 0.000439157
          48    0.415956    0.412629 0.000435676
          49    0.414644     0.41267 0.000428721
          50    0.412965    0.412676 0.000420187
