#     BLOCK:   ACTUAL_X:     X_AVE:       ERROR:
           1     4.96588     4.96588           0
           2     4.98046     4.97317  0.00515566
           3     5.04298     4.99644   0.0193074
           4     5.04648     5.00895    0.018085
           5     5.02606     5.01237   0.0147881
           6     5.11672     5.02976    0.020098
           7     4.96462     5.02046    0.019261
           8     5.07047     5.02671    0.017839
           9     5.08356     5.03302   0.0169383
          10     4.98666     5.02839   0.0158664
          11     5.00278     5.02606   0.0145937
          12     5.02278     5.02579   0.0133801
          13     5.03624     5.02659    0.012375
          14     4.95879     5.02175   0.0124027
          15     5.14002     5.02963   0.0138574
          16     5.04205     5.03041    0.013013
          17     5.08707     5.03374   0.0126673
          18     5.11757      5.0384    0.012791
          19     5.03692     5.03832   0.0121181
          20     5.07255     5.04003   0.0116324
          21     5.07907     5.04189    0.011226
          22     5.00041     5.04001   0.0108729
          23     5.12119     5.04354   0.0109581
          24     5.09836     5.04582    0.010737
          25     5.01863     5.04473   0.0103625
          26     4.98815     5.04256   0.0101899
          27     5.01648     5.04159  0.00985814
          28     5.03669     5.04142  0.00950761
          29     5.03338     5.04114   0.0091838
          30     4.83938     5.03441   0.0110695
          31     5.04541     5.03477   0.0107181
          32     5.00763     5.03392   0.0104167
          33      5.0551     5.03456   0.0101208
          34     5.17954     5.03883   0.0106837
          35     4.99709     5.03763   0.0104448
          36     5.03194     5.03748   0.0101559
          37     5.01651     5.03691  0.00989717
          38     5.10029     5.03858  0.00977627
          39     5.08727     5.03983  0.00960499
          40     5.06879     5.04055  0.00939212
          41     5.18188       5.044  0.00977515
          42     5.08712     5.04502  0.00959617
          43      4.9758     5.04341  0.00950708
          44      5.0241     5.04297  0.00930114
          45     5.07723     5.04374  0.00912554
          46     5.01064     5.04302  0.00895548
          47      5.0481     5.04312  0.00876559
          48     5.11434     5.04461  0.00870764
          49     4.98874     5.04347  0.00860425
          50     4.96062     5.04181  0.00859023
