#     BLOCK:   ACTUAL_X:     X_AVE:       ERROR:
           1     6.63364     6.63364           0
           2      6.7307     6.68217   0.0343186
           3     6.68081     6.68172   0.0228821
           4     6.66225     6.67685   0.0176715
           5     6.57441     6.65636   0.0231438
           6     6.64145     6.65388   0.0194195
           7     6.82134      6.6778   0.0277056
           8     6.61939      6.6705    0.025186
           9     6.89422     6.69536   0.0324106
          10     6.64292     6.69011   0.0295907
          11     6.75429     6.69595   0.0274697
          12     6.56167     6.68476    0.027365
          13     6.65577     6.68253   0.0253507
          14     6.62035     6.67809   0.0239258
          15     6.59352     6.67245   0.0229854
          16      6.5872     6.66712   0.0221577
          17     6.67905     6.66782   0.0208654
          18     6.68428     6.66874   0.0197262
          19     6.83952     6.67773   0.0206347
          20     6.81942     6.68481   0.0207836
          21     6.58844     6.68022   0.0202942
          22      6.6225      6.6776   0.0195406
          23     6.88189     6.68648   0.0206112
          24     6.72743     6.68819   0.0198229
          25     6.71692     6.68934   0.0190633
          26     6.56515     6.68456    0.018919
          27     6.56466     6.68012   0.0187322
          28     6.91097     6.68836   0.0197946
          29     6.62088     6.68604   0.0192483
          30     6.49828     6.67978   0.0195978
          31     6.68396     6.67991   0.0189661
          32     6.62174     6.67809   0.0184603
          33     6.88265     6.68429    0.018913
          34     6.68979     6.68445   0.0183574
          35     6.55168     6.68066   0.0182207
          36     6.75558     6.68274    0.017833
          37     6.57021      6.6797   0.0176085
          38     6.78374     6.68244   0.0173566
          39     6.65297     6.68168    0.016928
          40     6.76081     6.68366     0.01662
          41     6.58887     6.68135   0.0163747
          42     6.55667     6.67838   0.0162517
          43     6.57053     6.67587   0.0160661
          44     6.62565     6.67473   0.0157415
          45     6.66703     6.67456   0.0153926
          46     6.80511      6.6774   0.0153174
          47     6.53729     6.67442   0.0152788
          48     6.67217     6.67437   0.0149605
          49     6.61336     6.67313   0.0147069
          50     6.69542     6.67357   0.0144196
