#     BLOCK:   ACTUAL_X:     X_AVE:       ERROR:
           1     2.29533     2.29533           0
           2     2.26961     2.28247   0.0090953
           3     2.27409     2.27968   0.0064785
           4     2.23226     2.26782   0.0113569
           5     2.27774     2.26981  0.00925699
           6     2.26397     2.26883  0.00776512
           7     2.21127     2.26061   0.0101126
           8     2.26409     2.26105  0.00885783
           9     2.29019     2.26428  0.00844474
          10     2.27234     2.26509  0.00763859
          11     2.26175     2.26479  0.00695021
          12     2.23882     2.26262  0.00669943
          13     2.23465     2.26047  0.00652051
          14     2.25494     2.26007  0.00606668
          15     2.25752      2.2599  0.00566463
          16     2.29349       2.262  0.00568629
          17     2.29145     2.26374  0.00560947
          18     2.28332     2.26482  0.00540232
          19     2.27665     2.26545  0.00515374
          20     2.30741     2.26754  0.00530608
          21     2.28702     2.26847  0.00513378
          22     2.27516     2.26878  0.00490942
          23     2.23789     2.26743  0.00487618
          24     2.30321     2.26892  0.00489555
          25     2.25716     2.26845  0.00472231
          26       2.272     2.26859  0.00454265
          27     2.22985     2.26715  0.00459543
          28     2.29346     2.26809   0.0045263
          29      2.2806     2.26853   0.0043907
          30     2.28633     2.26912  0.00428427
          31     2.25907     2.26879  0.00415831
          32     2.26621     2.26871  0.00402915
          33     2.28003     2.26906  0.00392162
          34      2.2801     2.26938  0.00381969
          35     2.27739     2.26961   0.0037174
          36     2.29267     2.27025  0.00366891
          37     2.30028     2.27106  0.00365842
          38     2.23514     2.27012  0.00368224
          39     2.26628     2.27002  0.00358914
          40     2.26437     2.26988  0.00350219
          41     2.25436      2.2695  0.00343715
          42     2.29162     2.27003  0.00339542
          43     2.27986     2.27025  0.00332416
          44     2.27015     2.27025  0.00324861
          45     2.26924     2.27023  0.00317649
          46     2.25884     2.26998  0.00311708
          47     2.29334     2.27048  0.00309014
          48     2.28922     2.27087  0.00305032
          49     2.24048     2.27025  0.00305046
          50     2.28728     2.27059   0.0030084
