#     BLOCK:   ACTUAL_X:     X_AVE:       ERROR:
           1     1.51796     1.51796           0
           2     1.53538     1.52667   0.0061607
           3     1.53022     1.52785  0.00421956
           4     1.53234     1.52897   0.0033101
           5     1.51733     1.52665  0.00336879
           6     1.52882     1.52701  0.00282682
           7     1.52297     1.52643  0.00248116
           8     1.52153     1.52582  0.00224548
           9     1.53833     1.52721  0.00238755
          10     1.51466     1.52595  0.00245645
          11     1.54361     1.52756  0.00270724
          12     1.51721      1.5267  0.00261538
          13     1.51986     1.52617  0.00246647
          14     1.49602     1.52402  0.00309054
          15      1.5109     1.52314  0.00300563
          16     1.54056     1.52423  0.00300844
          17     1.51636     1.52377  0.00286691
          18     1.51887      1.5235  0.00272054
          19     1.53092     1.52389  0.00260526
          20     1.53081     1.52423  0.00249786
          21      1.5177     1.52392   0.0023982
          22     1.50273     1.52296  0.00247512
          23     1.52225     1.52293   0.0023677
          24     1.51809     1.52273  0.00227761
          25     1.52801     1.52294  0.00219629
          26     1.51997     1.52282  0.00211477
          27     1.54303     1.52357  0.00216477
          28     1.50341     1.52285  0.00220398
          29     1.51678     1.52264   0.0021379
          30     1.51645     1.52244  0.00207656
          31     1.54095     1.52303   0.0020937
          32      1.5258     1.52312  0.00203006
          33     1.51684     1.52293  0.00197745
          34     1.51718     1.52276   0.0019265
          35     1.50369     1.52222  0.00194698
          36     1.53041     1.52244  0.00190616
          37     1.51748     1.52231  0.00185935
          38      1.5176     1.52219  0.00181454
          39     1.53094     1.52241  0.00178186
          40     1.53588     1.52275  0.00176885
          41     1.52369     1.52277  0.00172586
          42     1.49974     1.52222  0.00176972
          43     1.55029     1.52287  0.00184506
          44     1.49784     1.52231  0.00188885
          45     1.53382     1.52256  0.00186412
          46     1.53155     1.52276  0.00183382
          47      1.5116     1.52252  0.00181011
          48     1.51847     1.52243  0.00177436
          49     1.50919     1.52216  0.00175863
          50     1.51836     1.52209   0.0017251
