#     BLOCK:   ACTUAL_X:     X_AVE:       ERROR:
           1     77.7551     77.7551           0
           2     79.1011     78.4281    0.475879
           3     79.8503     78.9022    0.500491
           4     79.3875     79.0235    0.389799
           5     78.8399     78.9868    0.313563
           6     78.4514     78.8976    0.273704
           7     79.1009     78.9266     0.23614
           8     78.5481     78.8793    0.211309
           9     80.1273      79.018     0.22885
          10     79.7792     79.0941    0.218258
          11     81.4743     79.3105     0.28624
          12     78.2707     79.2238    0.275189
          13     81.3778     79.3895    0.299782
          14     81.8248     79.5635     0.32494
          15     79.7117     79.5733    0.303428
          16     77.9061     79.4691    0.301827
          17     80.4928     79.5293    0.290017
          18     79.3171     79.5176    0.274144
          19     78.7989     79.4797    0.262312
          20      78.922     79.4518    0.250674
          21     80.9221     79.5219    0.248322
          22     77.5985     79.4344    0.251954
          23     78.7774     79.4059    0.242614
          24     79.2085     79.3976    0.232644
          25      79.359     79.3961    0.223344
          26     77.9287     79.3397     0.22177
          27     77.3195     79.2648    0.225825
          28     81.1665     79.3328    0.227744
          29     77.4942     79.2694    0.228544
          30     78.3738     79.2395    0.222867
          31     78.5657     79.2178    0.216735
          32     78.0679     79.1818     0.21292
          33     79.7273     79.1984    0.207109
          34     80.0519     79.2235    0.202533
          35     78.2912     79.1968     0.19849
          36     77.8537     79.1595    0.196452
          37     77.0517     79.1026    0.199231
          38     78.4677     79.0858    0.194687
          39     79.0849     79.0858    0.189695
          40     78.1618     79.0627    0.186354
          41     77.4761      79.024    0.185783
          42     78.9575     79.0224    0.181367
          43     74.6251     78.9202    0.203952
          44     81.3492     78.9754    0.206652
          45     77.3403      78.939     0.20523
          46     80.6761     78.9768    0.204213
          47     80.6192     79.0118    0.202836
          48     81.8705     79.0713    0.207169
          49      82.573     79.1428    0.214914
          50     77.7676     79.1153    0.212368
