#     BLOCK:   ACTUAL_X:     X_AVE:       ERROR:
           1     2.65719     2.65719           0
           2     2.71516     2.68617   0.0204944
           3     2.65467     2.67567   0.0161302
           4     2.65103     2.66951   0.0132221
           5     2.66108     2.66783   0.0106846
           6     2.67009      2.6682  0.00891046
           7     2.65452     2.66625  0.00784889
           8     2.66245     2.66577  0.00688213
           9     2.69977     2.66955  0.00707873
          10     2.72412     2.67501  0.00820909
          11     2.62012     2.67002  0.00885039
          12      2.6864     2.67138  0.00821745
          13     2.64672     2.66949  0.00780131
          14     2.72883     2.67372  0.00831629
          15     2.67044     2.67351  0.00776475
          16     2.66976     2.67327  0.00728298
          17      2.6575     2.67234  0.00691341
          18     2.68202     2.67288  0.00655021
          19     2.63901      2.6711  0.00644353
          20     2.68826     2.67196  0.00617822
          21     2.66385     2.67157  0.00589606
          22     2.71016     2.67332  0.00588314
          23     2.65009     2.67231  0.00571345
          24     2.66438     2.67198  0.00548495
          25      2.6058     2.66934  0.00586971
          26     2.66884     2.66932  0.00564398
          27     2.65726     2.66887  0.00545257
          28     2.67013     2.66892  0.00525802
          29     2.69961     2.66997  0.00518217
          30     2.74604     2.67251  0.00559544
          31      2.6837     2.67287  0.00542657
          32     2.65655     2.67236   0.0052809
          33     2.65113     2.67172  0.00515991
          34       2.649     2.67105  0.00505122
          35     2.67383     2.67113  0.00490753
          36     2.68877     2.67162   0.0047956
          37     2.68378     2.67195  0.00467724
          38     2.64886     2.67134  0.00459344
          39     2.65393     2.67089   0.0044973
          40     2.66008     2.67062  0.00439298
          41      2.6386     2.66984   0.0043547
          42     2.70484     2.67068  0.00433002
          43     2.65581     2.67033  0.00424311
          44     2.66845     2.67029  0.00414689
          45     2.71652     2.67131  0.00418007
          46     2.67251     2.67134  0.00408928
          47     2.68357      2.6716  0.00401055
          48     2.65531     2.67126  0.00394133
          49     2.65297     2.67089  0.00387853
          50     2.66845     2.67084  0.00380127
