#     BLOCK:   ACTUAL_X:     X_AVE:       ERROR:
           1     41.4756     41.4756           0
           2     41.6958     41.5857   0.0778501
           3     41.2577     41.4764    0.103248
           4     42.9614     41.8476    0.330708
           5     43.1028     42.0987    0.347001
           6     42.0217     42.0858    0.289404
           7     41.3463     41.9802    0.266648
           8     42.0661     41.9909    0.233533
           9      41.799     41.9696    0.208556
          10     41.8555     41.9582    0.188012
          11     43.9124     42.1358    0.240639
          12     43.5043     42.2499    0.246127
          13     43.9938      42.384    0.261206
          14     41.6622     42.3325    0.247584
          15     44.3081     42.4642    0.263794
          16      43.144     42.5067    0.250705
          17     42.6454     42.5148     0.23609
          18     43.2763     42.5571    0.226733
          19     42.0287     42.5293    0.216498
          20     42.2705     42.5164     0.20606
          21     42.8741     42.5334     0.19695
          22     42.0933     42.5134    0.189011
          23     42.2436     42.5017    0.181157
          24     41.0319     42.4404    0.183669
          25     43.8369     42.4963    0.184622
          26     42.5373     42.4979    0.177527
          27     41.4003     42.4572    0.175545
          28     45.1687     42.5541    0.194157
          29     41.0542     42.5023    0.194229
          30     42.2108     42.4926    0.187997
          31     41.9868     42.4763     0.18264
          32     40.9966     42.4301    0.182692
          33     42.3391     42.4273    0.177177
          34     43.8082     42.4679     0.17656
          35     42.2881     42.4628     0.17159
          36      43.425     42.4895    0.168892
          37     41.9804     42.4758    0.164887
          38     42.6547     42.4805    0.160615
          39     40.3617     42.4261     0.16543
          40     42.4989      42.428    0.161304
          41     42.1152     42.4203     0.15755
          42     41.1682     42.3905    0.156594
          43      43.618     42.4191    0.155533
          44     41.6852     42.4024     0.15289
          45     40.7393     42.3654    0.153894
          46     43.6501     42.3934    0.153062
          47     44.5942     42.4402    0.156804
          48     42.0745     42.4326    0.153723
          49     42.1623      42.427    0.150684
          50     43.1294     42.4411    0.148324
