#     BLOCK:   ACTUAL_X:     X_AVE:       ERROR:
           1     13.9789     13.9789           0
           2     14.2894     14.1342    0.109807
           3     13.7949     14.0211    0.117841
           4     14.1112     14.0436   0.0905123
           5     13.7194     13.9788   0.0927759
           6     14.0692     13.9938   0.0785277
           7      13.905     13.9811   0.0683259
           8     13.9324     13.9751    0.060056
           9     13.4818     13.9202   0.0742965
          10     13.8097     13.9092   0.0676841
          11     13.7985     13.8991   0.0622745
          12     13.7478     13.8865    0.058348
          13     14.1405     13.9061   0.0570367
          14     13.6801     13.8899    0.055198
          15     13.4756     13.8623   0.0580194
          16     14.0602     13.8747   0.0556962
          17     13.9706     13.8803   0.0527049
          18     13.9644      13.885   0.0499834
          19     14.0577     13.8941   0.0481719
          20     14.2093     13.9098   0.0482735
          21     13.0272     13.8678    0.061611
          22     13.8712      13.868   0.0588107
          23     14.1119     13.8786    0.057202
          24     13.8704     13.8782   0.0548196
          25     13.9266     13.8802    0.052661
          26     14.0943     13.8884   0.0512758
          27     13.9669     13.8913    0.049459
          28      14.022      13.896   0.0479126
          29      14.072      13.902   0.0466434
          30     14.0101     13.9056   0.0452275
          31     13.4841      13.892   0.0457669
          32     14.1498     13.9001   0.0450402
          33     14.2019     13.9092   0.0445942
          34     13.9362       13.91   0.0432896
          35     13.8811     13.9092   0.0420606
          36     13.6286     13.9014   0.0416081
          37     14.1823      13.909   0.0411705
          38     14.0884     13.9137   0.0403568
          39     13.0948     13.8927   0.0444502
          40     14.3086     13.9031   0.0445382
          41     13.8677     13.9023   0.0434603
          42     13.4408     13.8913   0.0437923
          43     14.3496     13.9019   0.0440516
          44       13.62     13.8955   0.0435139
          45     13.8536     13.8946   0.0425569
          46     13.4787     13.8856   0.0425815
          47     13.9501     13.8869   0.0416976
          48     14.1934     13.8933   0.0413149
          49     13.7661     13.8907   0.0405532
          50     14.2255     13.8974    0.040291
