#     BLOCK:   ACTUAL_X:     X_AVE:       ERROR:
           1      22.724      22.724           0
           2     23.5236     23.1238    0.282684
           3     22.3591     22.8689    0.280764
           4     23.2969     22.9759    0.230061
           5     23.6615      23.113    0.221168
           6     22.8404     23.0676    0.188916
           7     23.1322     23.0768    0.162153
           8     23.0993     23.0796    0.141908
           9     23.4041     23.1157    0.130641
          10     23.1924     23.1234    0.117801
          11     23.0303     23.1149    0.107396
          12     23.2482      23.126    0.099019
          13     23.0877     23.1231    0.091446
          14     22.4929      23.078   0.0953517
          15     23.0401     23.0755   0.0890285
          16     23.5882     23.1076   0.0890436
          17     25.0018      23.219    0.136778
          18     22.0855      23.156    0.142941
          19     22.0256     23.0965    0.147279
          20     22.4963     23.0665    0.142941
          21     22.5171     23.0403    0.138507
          22     23.3828     23.0559    0.133083
          23     23.0555     23.0559    0.127297
          24     22.7002     23.0411    0.122853
          25     22.3886      23.015    0.120679
          26     22.8781     23.0097    0.116153
          27     21.8947     22.9684    0.118966
          28      22.026     22.9347    0.119383
          29     23.4971     22.9541    0.116831
          30     23.0458     22.9572    0.112976
          31     21.8844     22.9226    0.114509
          32     23.3736     22.9367    0.111795
          33     23.1296     22.9425     0.10856
          34     22.9229      22.942    0.105368
          35     22.4794     22.9287    0.103183
          36     22.0746      22.905    0.103009
          37     23.0318     22.9084    0.100282
          38     24.3696     22.9469    0.104755
          39     22.9532     22.9471    0.102069
          40     23.7233     22.9665    0.101346
          41     23.8299     22.9875    0.101038
          42     22.3875     22.9732   0.0996369
          43     21.8579     22.9473    0.100639
          44     21.9036     22.9236    0.101109
          45     22.9061     22.9232   0.0988625
          46      23.195     22.9291   0.0968898
          47     22.1365     22.9122   0.0962847
          48     23.5036     22.9246   0.0950639
          49     22.1806     22.9094   0.0943285
          50     22.9385     22.9099   0.0924437
