#     BLOCK:   ACTUAL_X:     X_AVE:       ERROR:
           1     9.29081     9.29081           0
           2     9.47867     9.38474   0.0664198
           3     9.58204     9.45051   0.0695993
           4     9.38601     9.43438   0.0540351
           5     9.07398      9.3623    0.077621
           6     9.39497     9.36775   0.0648749
           7     9.44308     9.37851   0.0564925
           8     9.24397     9.36169   0.0518739
           9     9.27764     9.35235   0.0469433
          10     9.50845     9.36796    0.044769
          11     9.09345     9.34301   0.0471441
          12     9.26984     9.33691   0.0436079
          13     9.19592     9.32606   0.0415802
          14     9.33802     9.32692    0.038619
          15     9.50382     9.33871   0.0378022
          16     9.35949     9.34001   0.0354619
          17     9.37472     9.34205   0.0334346
          18     9.52164     9.35203   0.0330323
          19     9.19219     9.34362   0.0323473
          20     9.16539      9.3347   0.0319339
          21     9.36014     9.33592   0.0304362
          22     9.48924     9.34288   0.0298399
          23     9.18232      9.3359   0.0293478
          24     9.25099     9.33237   0.0283374
          25     9.15517     9.32528   0.0280763
          26     9.33025     9.32547   0.0269971
          27     9.18321      9.3202   0.0265064
          28     9.17227     9.31492   0.0260809
          29     9.38092     9.31719   0.0252807
          30     9.17821     9.31256   0.0248589
          31     9.35265     9.31385   0.0240906
          32     9.45679     9.31832   0.0237483
          33     9.30607     9.31795   0.0230315
          34     9.29577      9.3173   0.0223634
          35     9.10909     9.31135   0.0225017
          36     9.21805     9.30876   0.0220254
          37     9.19507     9.30568   0.0216433
          38     9.39429     9.30802    0.021199
          39     9.28641     9.30746   0.0206627
          40     9.18982     9.30452   0.0203543
          41     8.96562     9.29625   0.0214708
          42     9.20466     9.29407     0.02107
          43      9.3719     9.29588   0.0206576
          44     9.55333     9.30173   0.0210004
          45     9.19352     9.29933   0.0206709
          46     9.23886     9.29801   0.0202633
          47     9.35305     9.29919    0.019866
          48     9.11569     9.29536   0.0198165
          49     9.23212     9.29407   0.0194541
          50      9.2333     9.29286   0.0191029
