#     BLOCK:   ACTUAL_X:     X_AVE:       ERROR:
           1     3.24868     3.24868           0
           2      3.2184     3.23354   0.0107035
           3     3.21756     3.22821  0.00835708
           4     3.20034     3.22125   0.0087006
           5     3.24375     3.22575  0.00804053
           6     3.21451     3.22387  0.00691502
           7     3.19192     3.21931  0.00727983
           8     3.17277     3.21349  0.00837785
           9     3.24475     3.21696  0.00813531
          10     3.25875     3.22114  0.00832628
          11     3.24859     3.22364  0.00793453
          12     3.24122      3.2251  0.00740739
          13     3.23699     3.22602  0.00689378
          14     3.26643      3.2289  0.00697959
          15        3.28     3.23231  0.00729823
          16     3.16593     3.22816  0.00793411
          17     3.13719     3.22281   0.0090947
          18     3.24754     3.22418   0.0086926
          19     3.22622     3.22429  0.00823575
          20     3.21441      3.2238  0.00783878
          21     3.25048     3.22507  0.00756778
          22     3.26733     3.22699  0.00746358
          23     3.15122     3.22369  0.00783242
          24     3.21377     3.22328  0.00751698
          25     3.22726     3.22344  0.00721799
          26     3.21599     3.22315  0.00694607
          27     3.20305     3.22241   0.0067286
          28     3.19252     3.22134  0.00657242
          29     3.21639     3.22117  0.00634801
          30     3.22792      3.2214  0.00614039
          31     3.23117     3.22171   0.0059504
          32     3.15928     3.21976  0.00607584
          33     3.22531     3.21993  0.00589405
          34     3.20715     3.21955  0.00573267
          35     3.23245     3.21992   0.0055807
          36     3.26685     3.22122  0.00557583
          37     3.15403     3.21941  0.00571324
          38     3.21911      3.2194   0.0055629
          39     3.19435     3.21876  0.00545721
          40     3.19318     3.21812   0.0053581
          41     3.24491     3.21877  0.00526712
          42     3.22007      3.2188   0.0051418
          43     3.15553     3.21733  0.00522856
          44     3.15571     3.21593  0.00529395
          45     3.22182     3.21606  0.00517792
          46     3.22074     3.21616  0.00506636
          47     3.21462     3.21613  0.00495867
          48     3.24221     3.21667  0.00488504
          49     3.24034     3.21716  0.00480917
          50     3.21197     3.21705   0.0047141
