#     BLOCK:   ACTUAL_X:     X_AVE:       ERROR:
           1     1.95007     1.95007           0
           2     1.92241     1.93624  0.00977834
           3     1.95408     1.94219  0.00812736
           4     1.97212     1.94967  0.00889725
           5     1.98254     1.95624  0.00923276
           6     1.97495     1.95936  0.00820364
           7     1.96625     1.96035  0.00709048
           8     1.92381     1.95578  0.00753296
           9     1.92859     1.95276  0.00727659
          10     1.96798     1.95428  0.00670625
          11     1.99652     1.95812  0.00711164
          12     1.97964     1.95991  0.00674137
          13     1.96286     1.96014  0.00622661
          14     1.93846     1.95859  0.00597127
          15     1.95306     1.95822  0.00558459
          16     1.98086     1.95964  0.00541172
          17     1.98865     1.96134  0.00535567
          18     1.95893     1.96121  0.00505981
          19     1.94645     1.96043  0.00485279
          20     1.98686     1.96176   0.0047867
          21     1.94679     1.96104  0.00461152
          22     1.94249      1.9602  0.00447835
          23      1.9878      1.9614  0.00444152
          24     1.96474     1.96154  0.00425864
          25      1.9431      1.9608  0.00415165
          26     1.96339      1.9609  0.00399316
          27     1.95033     1.96051   0.0038644
          28     1.91113     1.95875  0.00410914
          29     1.96941     1.95911  0.00398385
          30     1.96831     1.95942  0.00386283
          31     1.96516     1.95961  0.00374266
          32     1.95364     1.95942  0.00363034
          33      1.9554      1.9593  0.00352237
          34     1.96226     1.95938  0.00341985
          35     1.91772     1.95819   0.0035232
          36     1.94459     1.95782  0.00344555
          37     1.96683     1.95806  0.00336103
          38     1.99534     1.95904  0.00341277
          39     1.98316     1.95966  0.00338081
          40     1.94993     1.95942  0.00330502
          41     1.93495     1.95882  0.00327785
          42     1.95976     1.95884  0.00319988
          43     1.95901     1.95885  0.00312547
          44     1.97067     1.95911  0.00306596
          45     1.95662     1.95906  0.00299833
          46     1.95477     1.95897  0.00293459
          47      1.9404     1.95857  0.00289861
          48     1.95717     1.95854  0.00283836
          49     1.95049     1.95838  0.00278519
          50     1.96927      1.9586  0.00273799
