#     BLOCK:   ACTUAL_X:     X_AVE:       ERROR:
           1     1.35504     1.35504           0
           2     1.34759     1.35131  0.00263298
           3     1.36946     1.35736  0.00524241
           4     1.36622     1.35958  0.00437452
           5     1.34926     1.35751  0.00395601
           6     1.35474     1.35705  0.00332356
           7     1.37159     1.35913  0.00343705
           8     1.35758     1.35894  0.00301287
           9     1.36458     1.35956  0.00274253
          10     1.35679     1.35929  0.00248224
          11     1.36623     1.35992  0.00233545
          12     1.33919     1.35819  0.00270537
          13     1.34327     1.35704  0.00272998
          14     1.35108     1.35662  0.00256796
          15     1.36686      1.3573  0.00248591
          16     1.36527      1.3578  0.00237995
          17     1.36299      1.3581  0.00225949
          18     1.35961     1.35819  0.00213552
          19     1.35627     1.35808   0.0020255
          20     1.35976     1.35817  0.00192596
          21     1.36342     1.35842  0.00185043
          22     1.35051     1.35806  0.00180089
          23     1.36371     1.35831  0.00173927
          24     1.35713     1.35826  0.00166749
          25     1.35382     1.35808  0.00161023
          26     1.36702     1.35842  0.00158457
          27     1.38109     1.35926  0.00173413
          28     1.35856     1.35924  0.00167238
          29     1.36003     1.35926  0.00161493
          30     1.36311     1.35939  0.00156618
          31      1.3612     1.35945  0.00151674
          32     1.36181     1.35952  0.00147113
          33     1.36164     1.35959  0.00142795
          34     1.37299     1.35998  0.00143933
          35     1.36432     1.36011  0.00140352
          36     1.35496     1.35996  0.00137179
          37     1.35323     1.35978  0.00134675
          38     1.36692     1.35997  0.00132436
          39     1.36757     1.36016  0.00130468
          40     1.36627     1.36032  0.00128097
          41     1.36599     1.36046  0.00125718
          42     1.34345     1.36005  0.00129082
          43     1.34348     1.35967  0.00131707
          44     1.35982     1.35967  0.00128715
          45     1.36762     1.35985  0.00127063
          46      1.3633     1.35992  0.00124522
          47     1.36126     1.35995  0.00121905
          48     1.35295      1.3598  0.00120235
          49     1.36263     1.35986   0.0011792
          50      1.3749     1.36016  0.00119335
