#     BLOCK:   ACTUAL_X:     X_AVE:       ERROR:
           1     1.74117     1.74117           0
           2     1.71412     1.72765  0.00956355
           3     1.70093     1.71874  0.00967142
           4     1.72483     1.72026  0.00737234
           5     1.71701     1.71961  0.00592648
           6     1.70047     1.71642  0.00573389
           7     1.73082     1.71848  0.00527082
           8     1.73566     1.72063  0.00503049
           9     1.71918     1.72047  0.00447413
          10     1.71182      1.7196  0.00410937
          11     1.70744      1.7185  0.00388165
          12     1.72075     1.71868  0.00356272
          13     1.70777     1.71785   0.0033861
          14     1.71989     1.71799  0.00314738
          15      1.7101     1.71746  0.00298118
          16     1.72645     1.71803   0.0028472
          17     1.73616     1.71909   0.0028725
          18     1.72993     1.71969  0.00277529
          19     1.71723     1.71957  0.00263225
          20     1.72557     1.71987  0.00251767
          21     1.71577     1.71967  0.00240534
          22     1.71491     1.71945  0.00230572
          23     1.71738     1.71936  0.00220723
          24     1.72274      1.7195  0.00211974
          25      1.7251     1.71973  0.00204673
          26     1.70107     1.71901  0.00209003
          27     1.69783     1.71823   0.0021548
          28     1.70167     1.71763  0.00215745
          29     1.70699     1.71727  0.00211404
          30     1.72246     1.71744  0.00205064
          31     1.71674     1.71742  0.00198461
          32     1.70864     1.71714  0.00194145
          33     1.69286     1.71641  0.00201723
          34     1.71999     1.71651  0.00196065
          35     1.69706     1.71596  0.00198186
          36     1.71729     1.71599  0.00192715
          37     1.71568     1.71599  0.00187509
          38     1.72331     1.71618  0.00183563
          39     1.72847     1.71649  0.00181541
          40     1.73458     1.71695  0.00182548
          41     1.71036     1.71679  0.00178801
          42     1.72189     1.71691  0.00174956
          43     1.71092     1.71677  0.00171439
          44     1.72659     1.71699  0.00168989
          45     1.73211     1.71733  0.00168542
          46     1.72189     1.71743   0.0016517
          47     1.71467     1.71737  0.00161759
          48     1.69317     1.71686  0.00166062
          49     1.72495     1.71703   0.0016349
          50     1.70854     1.71686    0.001611
