#     BLOCK:   ACTUAL_X:     X_AVE:       ERROR:
           1     3.98888     3.98888           0
           2     4.01651      4.0027  0.00976939
           3     3.93912     3.98151   0.0184893
           4     3.98642     3.98273   0.0139078
           5     3.99211     3.98461    0.011252
           6     4.00746     3.98842   0.0100004
           7      3.9383     3.98126   0.0108355
           8     3.96747     3.97954  0.00961706
           9      3.9855      3.9802  0.00857129
          10     3.95195     3.97737  0.00816652
          11     4.04373     3.98341  0.00939145
          12     4.05082     3.98902    0.010151
          13     3.95533     3.98643  0.00969543
          14     3.95605     3.98426  0.00924259
          15     3.94841     3.98187   0.0089302
          16     3.93494     3.97894  0.00884065
          17     3.96644      3.9782   0.0083511
          18     3.98622     3.97865  0.00789903
          19     3.89079     3.97402  0.00873249
          20     3.98103     3.97437  0.00830289
          21      4.0461     3.97779  0.00858134
          22     3.94314     3.97622  0.00833459
          23     3.99996     3.97725  0.00803589
          24     3.97471     3.97714  0.00770176
          25      3.9917     3.97772  0.00741566
          26     3.95857     3.97699  0.00716695
          27     3.99685     3.97772  0.00693915
          28     3.92159     3.97572  0.00697492
          29     3.96355      3.9753  0.00674701
          30     3.93569     3.97398  0.00665001
          31     3.92136     3.97228   0.0066486
          32      3.9692     3.97218  0.00644152
          33     4.02945     3.97392  0.00647583
          34     3.95356     3.97332  0.00631299
          35     4.00382     3.97419  0.00619248
          36     3.92965     3.97296  0.00614286
          37     4.02002     3.97423  0.00610714
          38     3.96098     3.97388  0.00595636
          39     4.00933     3.97479   0.0058726
          40     3.97757     3.97486   0.0057262
          41     4.00314     3.97555  0.00562795
          42     3.94729     3.97487  0.00553401
          43      3.9289     3.97381  0.00550764
          44      3.9765     3.97387   0.0053828
          45     3.96119     3.97359  0.00527055
          46     3.90334     3.97206  0.00537266
          47     3.95938     3.97179  0.00526511
          48     4.00253     3.97243  0.00519424
          49       3.973     3.97244  0.00508824
          50     3.94322     3.97186  0.00501993
