#     BLOCK:   ACTUAL_TE:    TE_AVE:      ERROR:
           1   -0.484358   -0.484358           0
           2   -0.484019   -0.484189 0.000119925
           3    -0.48417   -0.484183 8.01069e-05
           4   -0.484686   -0.484309 0.000124515
           5   -0.484394   -0.484326 0.000100788
           6   -0.483278   -0.484151 0.000180238
           7   -0.484341   -0.484178 0.000156515
           8   -0.484378   -0.484203 0.000138921
           9   -0.484706   -0.484259 0.000134237
          10   -0.482916   -0.484125 0.000175577
          11   -0.484991   -0.484203 0.000176405
          12   -0.484702   -0.484245 0.000166518
          13   -0.483922    -0.48422 0.000155546
          14   -0.484419   -0.484234 0.000145085
          15   -0.484238   -0.484235 0.000135412
          16   -0.484278   -0.484237 0.000126976
          17   -0.484603   -0.484259 0.000121318
          18    -0.48454   -0.484274 0.000115579
          19   -0.484286   -0.484275 0.000109498
          20   -0.484034   -0.484263 0.000104686
          21   -0.483591   -0.484231 0.000104473
          22   -0.484143   -0.484227 9.98007e-05
          23   -0.483513   -0.484196 0.000100175
          24   -0.484357   -0.484203 9.62254e-05
          25   -0.484711   -0.484223 9.45025e-05
          26   -0.483657   -0.484201 9.33427e-05
          27   -0.484394   -0.484208 9.01572e-05
          28   -0.483257   -0.484174 9.31216e-05
          29   -0.484426   -0.484183 9.03153e-05
          30   -0.484238   -0.484185 8.73231e-05
          31   -0.484294   -0.484188 8.45778e-05
          32   -0.484073   -0.484185 8.20118e-05
          33    -0.48383   -0.484174 8.02264e-05
          34   -0.484078   -0.484171 7.79169e-05
          35   -0.484178   -0.484171  7.5691e-05
          36   -0.483427   -0.484151 7.63591e-05
          37   -0.484264   -0.484154 7.43567e-05
          38   -0.483738   -0.484143 7.32021e-05
          39   -0.484294   -0.484147 7.14271e-05
          40   -0.483574   -0.484132 7.10638e-05
          41   -0.484103   -0.484132 6.93341e-05
          42   -0.483449   -0.484115 6.95634e-05
          43   -0.484654   -0.484128 6.90658e-05
          44   -0.484072   -0.484127 6.75078e-05
          45   -0.483188   -0.484106 6.91552e-05
          46   -0.483944   -0.484102 6.77412e-05
          47    -0.48389   -0.484098 6.64497e-05
          48   -0.483638   -0.484088 6.57533e-05
          49   -0.483993   -0.484086 6.44402e-05
          50   -0.484638   -0.484097 6.40907e-05
