#     BLOCK:   ACTUAL_TE:    TE_AVE:      ERROR:
           1    -0.50751    -0.50751           0
           2   -0.507324   -0.507417 6.56195e-05
           3   -0.507866   -0.507566 0.000129745
           4   -0.509039   -0.507935 0.000333388
           5   -0.507737   -0.507895 0.000269047
           6   -0.506991   -0.507744 0.000263018
           7   -0.508565   -0.507862 0.000250197
           8   -0.508655   -0.507961 0.000237777
           9    -0.50805   -0.507971 0.000211562
          10   -0.508253   -0.507999 0.000192277
          11   -0.509034   -0.508093 0.000196464
          12   -0.508271   -0.508108 0.000180653
          13   -0.507451   -0.508057 0.000173674
          14   -0.508158   -0.508065 0.000161418
          15   -0.508243   -0.508076 0.000151096
          16    -0.50877    -0.50812 0.000147733
          17   -0.508079   -0.508117 0.000139062
          18   -0.507779   -0.508099 0.000132599
          19   -0.507619   -0.508073 0.000127998
          20   -0.507806    -0.50806 0.000122297
          21   -0.507807   -0.508048 0.000117064
          22   -0.508274   -0.508058 0.000112194
          23   -0.507367   -0.508028 0.000111266
          24   -0.508846   -0.508062 0.000111731
          25   -0.508356   -0.508074 0.000107878
          26   -0.507346   -0.508046 0.000107305
          27   -0.507661   -0.508032 0.000104275
          28   -0.507334   -0.508007 0.000103482
          29   -0.507626   -0.507994 0.000100742
          30   -0.507995   -0.507994 9.73839e-05
          31   -0.508608   -0.508014 9.62371e-05
          32   -0.507503   -0.507998 9.45421e-05
          33   -0.507044   -0.507969 9.59921e-05
          34   -0.508131   -0.507974 9.32877e-05
          35   -0.507355   -0.507956 9.22798e-05
          36    -0.50686   -0.507925 9.46039e-05
          37   -0.508871   -0.507951 9.54381e-05
          38   -0.507802   -0.507947 9.30075e-05
          39    -0.50871   -0.507967 9.26594e-05
          40    -0.50769    -0.50796 9.05998e-05
          41    -0.50795   -0.507959 8.83904e-05
          42   -0.507859   -0.507957 8.63181e-05
          43    -0.50787   -0.507955 8.43347e-05
          44    -0.50863    -0.50797 8.37999e-05
          45   -0.507476   -0.507959 8.26547e-05
          46   -0.507589   -0.507951 8.12495e-05
          47   -0.507226   -0.507936 8.09715e-05
          48   -0.507817   -0.507933 7.93226e-05
          49    -0.50799   -0.507935 7.77121e-05
          50   -0.507354   -0.507923 7.70192e-05
