#     BLOCK:   ACTUAL_TE:    TE_AVE:      ERROR:
           1   -0.593436   -0.593436           0
           2   -0.592878   -0.593157 0.000197424
           3   -0.592447    -0.59292 0.000233712
           4    -0.59319   -0.592988 0.000184784
           5   -0.594178   -0.593226 0.000259139
           6    -0.59279   -0.593153 0.000225879
           7   -0.593023   -0.593135 0.000194373
           8   -0.593794   -0.593217 0.000186754
           9   -0.593575   -0.593257  0.00017019
          10   -0.593421   -0.593273 0.000153958
          11   -0.594105   -0.593349  0.00015743
          12   -0.592578   -0.593285 0.000156858
          13   -0.592375   -0.593215 0.000159632
          14   -0.594649   -0.593317 0.000178089
          15    -0.59368   -0.593341 0.000167851
          16   -0.592954   -0.593317 0.000159093
          17   -0.593754   -0.593343 0.000151792
          18   -0.594066   -0.593383 0.000148587
          19   -0.593298   -0.593379 0.000140834
          20   -0.593567   -0.593388 0.000134108
          21   -0.592558   -0.593348 0.000133424
          22    -0.59345   -0.593353 0.000127438
          23   -0.593504    -0.59336 0.000122067
          24   -0.594797   -0.593419 0.000130848
          25   -0.592797   -0.593395 0.000127962
          26   -0.593479   -0.593398 0.000123082
          27   -0.593167   -0.593389 0.000118819
          28   -0.592638   -0.593362  0.00011757
          29   -0.593423   -0.593365 0.000113534
          30    -0.59371   -0.593376 0.000110331
          31   -0.593646   -0.593385 0.000107116
          32   -0.593436   -0.593386  0.00010378
          33   -0.593087   -0.593377 0.000101031
          34   -0.593346   -0.593376 9.80633e-05
          35   -0.593259   -0.593373 9.53186e-05
          36   -0.593434   -0.593375 9.26858e-05
          37   -0.592936   -0.593363  9.0936e-05
          38   -0.593045   -0.593354 8.89273e-05
          39    -0.59336   -0.593355 8.66472e-05
          40   -0.593518   -0.593359 8.45777e-05
          41   -0.593232   -0.593356 8.25713e-05
          42   -0.593936   -0.593369 8.17534e-05
          43    -0.59353   -0.593373 7.99378e-05
          44    -0.59321   -0.593369 7.82074e-05
          45   -0.592756   -0.593356 7.76486e-05
          46   -0.593046   -0.593349 7.62529e-05
          47    -0.59246    -0.59333 7.69412e-05
          48   -0.592814   -0.593319 7.60849e-05
          49   -0.592969   -0.593312 7.48679e-05
          50   -0.594697    -0.59334 7.83241e-05
