#     BLOCK:   ACTUAL_TE:    TE_AVE:      ERROR:
           1   -0.839014   -0.839014           0
           2   -0.839387     -0.8392 0.000132088
           3   -0.839122   -0.839174 9.05811e-05
           4   -0.839785   -0.839327 0.000148595
           5   -0.837834   -0.839028 0.000292272
           6   -0.839248   -0.839065 0.000245839
           7   -0.838098   -0.838927 0.000246472
           8   -0.839006   -0.838937 0.000215859
           9   -0.837335   -0.838759 0.000254883
          10   -0.839407   -0.838824 0.000237498
          11   -0.838743   -0.838816  0.00021602
          12   -0.838762   -0.838812 0.000198066
          13   -0.839645   -0.838876 0.000192917
          14    -0.83799   -0.838813 0.000189222
          15   -0.837728    -0.83874 0.000189921
          16    -0.83949   -0.838787 0.000183734
          17   -0.840408   -0.838882  0.00019611
          18   -0.839234   -0.838902 0.000186187
          19   -0.839245    -0.83892 0.000177259
          20   -0.839764   -0.838962 0.000173346
          21   -0.835852   -0.838814 0.000219424
          22   -0.838202   -0.838786 0.000211209
          23   -0.840636   -0.838867 0.000216797
          24    -0.83877   -0.838863 0.000207801
          25   -0.839078   -0.838871 0.000199668
          26   -0.839221   -0.838885  0.00019244
          27   -0.837699   -0.838841 0.000190256
          28    -0.83981   -0.838875 0.000186581
          29   -0.838958   -0.838878 0.000180168
          30   -0.837682   -0.838838 0.000178518
          31   -0.837534   -0.838796 0.000177647
          32   -0.840389   -0.838846  0.00017893
          33    -0.84009   -0.838884 0.000177431
          34   -0.839906   -0.838914 0.000174738
          35   -0.838239   -0.838895 0.000170806
          36   -0.838867   -0.838894 0.000166063
          37   -0.839851    -0.83892 0.000163578
          38   -0.840018   -0.838949 0.000161805
          39   -0.836646    -0.83889  0.00016808
          40    -0.83945   -0.838904  0.00016446
          41    -0.83933   -0.838914 0.000160778
          42   -0.837614   -0.838883 0.000159903
          43   -0.839258   -0.838892 0.000156422
          44   -0.838434   -0.838881 0.000153213
          45   -0.838654   -0.838876 0.000149892
          46   -0.837838   -0.838854 0.000148322
          47   -0.838106   -0.838838 0.000146018
          48   -0.839646   -0.838855 0.000143944
          49   -0.837789   -0.838833  0.00014264
          50   -0.839982   -0.838856 0.000141626
