#     BLOCK:   ACTUAL_TE:    TE_AVE:      ERROR:
           1    -0.93081    -0.93081           0
           2   -0.930986   -0.930898 6.22254e-05
           3   -0.930265   -0.930687 0.000177152
           4    -0.93305   -0.931277 0.000528561
           5   -0.932886   -0.931599 0.000511433
           6   -0.932566    -0.93176 0.000450851
           7   -0.930959   -0.931646   0.0004007
           8    -0.93211   -0.931704 0.000354783
           9   -0.930876   -0.931612 0.000327066
          10   -0.931034   -0.931554 0.000299411
          11   -0.934128   -0.931788 0.000351947
          12    -0.93349    -0.93193 0.000350045
          13   -0.934356   -0.932116 0.000369534
          14   -0.931854   -0.932098 0.000343613
          15   -0.934163   -0.932235   0.0003472
          16   -0.933895   -0.932339 0.000340644
          17   -0.933313   -0.932396 0.000325385
          18   -0.933224   -0.932442 0.000310539
          19   -0.931889   -0.932413 0.000295558
          20   -0.931862   -0.932386 0.000282061
          21   -0.933267   -0.932428 0.000271735
          22   -0.931566   -0.932389 0.000262194
          23   -0.932269   -0.932383 0.000250846
          24    -0.93017   -0.932291 0.000256782
          25   -0.933352   -0.932334 0.000249992
          26    -0.93206   -0.932323 0.000240598
          27   -0.930214   -0.932245 0.000244034
          28   -0.935132   -0.932348 0.000256176
          29   -0.929964   -0.932266 0.000260199
          30   -0.931365   -0.932236 0.000253254
          31   -0.931454   -0.932211 0.000246338
          32   -0.929834   -0.932136 0.000249581
          33   -0.932338   -0.932142 0.000242093
          34   -0.934462   -0.932211 0.000244399
          35   -0.932152   -0.932209 0.000237422
          36    -0.93283   -0.932226 0.000231452
          37   -0.931409   -0.932204 0.000226249
          38   -0.933005   -0.932225 0.000221274
          39   -0.929612   -0.932158 0.000225517
          40   -0.931687   -0.932146 0.000220186
          41   -0.931942   -0.932141 0.000214873
          42   -0.930574   -0.932104 0.000212975
          43   -0.933089   -0.932127 0.000209249
          44    -0.93049    -0.93209 0.000207776
          45   -0.930398   -0.932052 0.000206534
          46   -0.933461   -0.932083 0.000204302
          47    -0.93501   -0.932145 0.000209235
          48   -0.931465   -0.932131 0.000205355
          49   -0.932162   -0.932132 0.000201165
          50   -0.932964   -0.932148  0.00019783
