#     BLOCK:   ACTUAL_TE:    TE_AVE:      ERROR:
           1   -0.791981   -0.791981           0
           2   -0.791938   -0.791959 1.52735e-05
           3     -0.7928   -0.792239 0.000229063
           4   -0.791324   -0.792011 0.000262296
           5   -0.791329   -0.791874 0.000242707
           6   -0.792506   -0.791979 0.000223908
           7   -0.791637   -0.791931   0.0001972
           8   -0.791748   -0.791908 0.000173864
           9   -0.791036   -0.791811 0.000179508
          10   -0.793217   -0.791951 0.000209502
          11   -0.792168   -0.791971 0.000191379
          12   -0.791686   -0.791947 0.000176896
          13   -0.792478   -0.791988 0.000167938
          14   -0.792391   -0.792017  0.00015839
          15   -0.791745   -0.791999 0.000148866
          16   -0.791924   -0.791994 0.000139636
          17   -0.792927   -0.792049 0.000141798
          18    -0.79273   -0.792087  0.00013888
          19   -0.792061   -0.792086 0.000131578
          20   -0.791844   -0.792073 0.000125552
          21    -0.79172   -0.792057 0.000120696
          22   -0.792418   -0.792073 0.000116325
          23   -0.792458    -0.79209 0.000112467
          24    -0.79263   -0.792112 0.000110013
          25   -0.791571   -0.792091 0.000107721
          26   -0.792293   -0.792098 0.000103858
          27   -0.792348   -0.792108 0.000100422
          28    -0.79111   -0.792072 0.000102959
          29   -0.791444    -0.79205 0.000101661
          30   -0.790335   -0.791993 0.000113214
          31   -0.791952   -0.791992  0.00010957
          32   -0.792902    -0.79202 0.000109771
          33   -0.793134   -0.792054 0.000111508
          34   -0.792886   -0.792079 0.000110878
          35   -0.791444    -0.79206 0.000109182
          36   -0.790757   -0.792024 0.000111994
          37   -0.791831   -0.792019 0.000109088
          38   -0.792749   -0.792038 0.000107895
          39   -0.791243   -0.792018 0.000107037
          40   -0.791374   -0.792002 0.000105565
          41   -0.792394   -0.792011 0.000103422
          42   -0.790226   -0.791969  0.00010935
          43   -0.792345   -0.791978 0.000107156
          44   -0.791914   -0.791976 0.000104731
          45    -0.79121   -0.791959 0.000103776
          46    -0.79151   -0.791949 0.000101978
          47   -0.791742   -0.791945 9.99029e-05
          48    -0.79231   -0.791952 9.81114e-05
          49   -0.790595   -0.791925 9.99429e-05
          50    -0.79314   -0.791949 0.000100856
