#     BLOCK:   ACTUAL_TE:    TE_AVE:      ERROR:
           1   -0.747036   -0.747036           0
           2   -0.746944    -0.74699 3.25269e-05
           3    -0.74717    -0.74705 5.34749e-05
           4   -0.746863   -0.747003 5.69372e-05
           5   -0.747499   -0.747102 9.97361e-05
           6   -0.747179   -0.747115 8.39308e-05
           7   -0.747398   -0.747156 8.11074e-05
           8   -0.746474    -0.74707 0.000106686
           9   -0.747282   -0.747094 9.73952e-05
          10   -0.747104   -0.747095 8.76608e-05
          11   -0.747728   -0.747153 9.67513e-05
          12   -0.746454   -0.747094 0.000104766
          13   -0.746846   -0.747075 9.84273e-05
          14   -0.746696   -0.747048 9.50517e-05
          15   -0.747968   -0.747109 0.000106677
          16   -0.746045   -0.747043 0.000118967
          17   -0.748382   -0.747122 0.000135547
          18   -0.747976   -0.747169 0.000136072
          19   -0.746761   -0.747148 0.000130597
          20   -0.746942   -0.747137 0.000124473
          21   -0.746007   -0.747084 0.000129659
          22   -0.746873   -0.747074 0.000124119
          23   -0.748442   -0.747133 0.000132201
          24   -0.745967   -0.747085 0.000135329
          25   -0.747171   -0.747088  0.00012996
          26   -0.746765   -0.747076 0.000125555
          27   -0.746473   -0.747054 0.000122876
          28   -0.746283   -0.747026 0.000121528
          29   -0.746374   -0.747004 0.000119401
          30   -0.744833   -0.746931 0.000135584
          31   -0.747243   -0.746941 0.000131584
          32   -0.747133   -0.746947 0.000127608
          33   -0.747788   -0.746973 0.000126259
          34   -0.746761   -0.746966 0.000122699
          35   -0.745881   -0.746935 0.000123052
          36   -0.746327   -0.746919 0.000120788
          37   -0.746745   -0.746914 0.000117615
          38   -0.747067   -0.746918 0.000114589
          39   -0.746926   -0.746918 0.000111651
          40   -0.746769   -0.746914 0.000108922
          41   -0.747319   -0.746924 0.000106712
          42   -0.746038   -0.746903 0.000106239
          43    -0.74705   -0.746907 0.000103823
          44   -0.745418   -0.746873  0.00010683
          45   -0.745666   -0.746846 0.000107772
          46    -0.74749    -0.74686 0.000106336
          47   -0.746058   -0.746843 0.000105435
          48   -0.746803   -0.746842 0.000103241
          49   -0.745091   -0.746806 0.000107139
          50   -0.748325   -0.746837 0.000109216
