#     BLOCK:   ACTUAL_TE:    TE_AVE:      ERROR:
           1   -0.664667   -0.664667           0
           2   -0.664065   -0.664366 0.000212981
           3   -0.664359   -0.664364 0.000141999
           4   -0.664018   -0.664277 0.000130223
           5   -0.665034   -0.664429 0.000170881
           6   -0.663946   -0.664348 0.000160192
           7   -0.664108   -0.664314 0.000140936
           8   -0.664159   -0.664295  0.00012464
           9   -0.663723   -0.664231 0.000125927
          10   -0.664432   -0.664251 0.000114925
          11    -0.66476   -0.664297 0.000113404
          12   -0.664008   -0.664273 0.000106488
          13   -0.663661   -0.664226  0.00010822
          14    -0.66443   -0.664241 0.000101468
          15   -0.663263   -0.664176 0.000113724
          16   -0.663081   -0.664107 0.000125525
          17   -0.665081   -0.664164 0.000130554
          18   -0.665514   -0.664239 0.000143231
          19   -0.663413   -0.664196 0.000142147
          20    -0.66325   -0.664149 0.000142698
          21   -0.663242   -0.664105 0.000142279
          22   -0.664012   -0.664101 0.000135875
          23   -0.664131   -0.664103 0.000129974
          24    -0.66477    -0.66413 0.000127495
          25   -0.663833   -0.664118  0.00012295
          26   -0.663804   -0.664106 0.000118814
          27   -0.664462    -0.66412 0.000115143
          28   -0.663379   -0.664093 0.000114026
          29   -0.664003    -0.66409 0.000110136
          30   -0.663112   -0.664057 0.000111185
          31   -0.664062   -0.664058 0.000107599
          32   -0.664041   -0.664057 0.000104238
          33   -0.664758   -0.664078 0.000103223
          34   -0.663798    -0.66407 0.000100516
          35   -0.663561   -0.664055 9.86919e-05
          36   -0.664133   -0.664058 9.59739e-05
          37   -0.663821   -0.664051 9.35932e-05
          38    -0.66447   -0.664062 9.17779e-05
          39   -0.664806   -0.664081 9.13824e-05
          40   -0.664054   -0.664081 8.91003e-05
          41   -0.663699   -0.664071 8.74115e-05
          42    -0.66432   -0.664077 8.55306e-05
          43   -0.664289   -0.664082 8.36828e-05
          44   -0.664146   -0.664084 8.17937e-05
          45   -0.662928   -0.664058 8.39108e-05
          46   -0.664043   -0.664058 8.20872e-05
          47   -0.663364   -0.664043 8.16566e-05
          48   -0.665212   -0.664067  8.3509e-05
          49   -0.664033   -0.664067 8.18077e-05
          50    -0.66499   -0.664085 8.22283e-05
