#     BLOCK:   ACTUAL_TE:    TE_AVE:      ERROR:
           1   -0.461889   -0.461889           0
           2   -0.462588   -0.462238 0.000247205
           3   -0.462435   -0.462304 0.000173289
           4   -0.462618   -0.462382 0.000146633
           5   -0.462074   -0.462321 0.000129601
           6   -0.461449   -0.462175 0.000171072
           7   -0.462388   -0.462206 0.000149303
           8   -0.462222   -0.462208 0.000130653
           9   -0.462503   -0.462241 0.000120188
          10   -0.461682   -0.462185 0.000120471
          11   -0.462841   -0.462244 0.000123403
          12   -0.461289   -0.462165 0.000136413
          13   -0.461317     -0.4621 0.000140652
          14   -0.462654   -0.462139 0.000136075
          15   -0.462298    -0.46215 0.000127417
          16   -0.462982   -0.462202 0.000129627
          17   -0.462381   -0.462212 0.000122429
          18   -0.462078   -0.462205 0.000115856
          19    -0.46233   -0.462211 0.000109947
          20   -0.461714   -0.462187  0.00010723
          21   -0.462397   -0.462197  0.00010259
          22   -0.462419   -0.462207 9.84249e-05
          23   -0.461127    -0.46216 0.000104739
          24    -0.46271   -0.462183 0.000102851
          25   -0.462494   -0.462195 9.94858e-05
          26   -0.461348   -0.462162 0.000100853
          27   -0.463019   -0.462194 0.000101987
          28   -0.461436   -0.462167 0.000101876
          29   -0.462586   -0.462182 9.93838e-05
          30   -0.461571   -0.462161 9.81317e-05
          31   -0.462073   -0.462158 9.50076e-05
          32   -0.461131   -0.462126 9.73104e-05
          33   -0.461527   -0.462108 9.60402e-05
          34   -0.462234   -0.462112 9.32872e-05
          35   -0.462233   -0.462115 9.06858e-05
          36    -0.46112   -0.462088 9.22851e-05
          37   -0.463174   -0.462117 9.43491e-05
          38   -0.462247    -0.46212 9.19284e-05
          39    -0.46208   -0.462119 8.95771e-05
          40   -0.461514   -0.462104 8.86089e-05
          41   -0.462284   -0.462109  8.6556e-05
          42   -0.462211   -0.462111 8.45296e-05
          43   -0.462227   -0.462114 8.26069e-05
          44   -0.462416   -0.462121 8.10145e-05
          45   -0.461531   -0.462108 8.02662e-05
          46   -0.461569   -0.462096 7.93712e-05
          47   -0.461443   -0.462082 7.88879e-05
          48   -0.461425   -0.462068 7.84234e-05
          49   -0.462437   -0.462076 7.71827e-05
          50   -0.461965   -0.462074  7.5671e-05
