#     BLOCK:   ACTUAL_TE:    TE_AVE:      ERROR:
           1   -0.885715   -0.885715           0
           2   -0.887014   -0.886365 0.000459337
           3   -0.884796   -0.885842 0.000525433
           4   -0.886902   -0.886107 0.000456088
           5   -0.886766   -0.886239 0.000383464
           6   -0.885916   -0.886185 0.000323307
           7   -0.886408   -0.886217 0.000278684
           8   -0.886389   -0.886238 0.000244676
           9   -0.886238   -0.886238  0.00021749
          10   -0.885758    -0.88619 0.000200968
          11   -0.885954   -0.886169 0.000183847
          12   -0.886751   -0.886217 0.000174814
          13   -0.887069   -0.886283 0.000173201
          14   -0.886086   -0.886269 0.000161401
          15   -0.886865   -0.886309 0.000155455
          16   -0.886948   -0.886348 0.000150789
          17   -0.890175   -0.886574 0.000260443
          18   -0.884335   -0.886449 0.000274059
          19    -0.88423   -0.886332 0.000283443
          20   -0.886444   -0.886338 0.000269325
          21   -0.884797   -0.886265 0.000266312
          22   -0.885901   -0.886248  0.00025472
          23   -0.886697   -0.886268 0.000244391
          24   -0.885725   -0.886245 0.000235252
          25   -0.885869    -0.88623 0.000226323
          26   -0.885009   -0.886183 0.000222438
          27   -0.884002   -0.886102 0.000228401
          28   -0.884275   -0.886037 0.000229374
          29   -0.886858   -0.886065 0.000223204
          30   -0.885518   -0.886047 0.000216506
          31   -0.882092   -0.885919 0.000244236
          32   -0.885712   -0.885913  0.00023669
          33   -0.886574   -0.885933 0.000230365
          34    -0.88702   -0.885965 0.000225797
          35   -0.886034   -0.885967 0.000219354
          36   -0.884459   -0.885925 0.000217222
          37   -0.886717   -0.885946 0.000212403
          38   -0.888308   -0.886009 0.000215713
          39   -0.885035   -0.885984 0.000211621
          40   -0.886415   -0.885994 0.000206606
          41   -0.887498   -0.886031 0.000204797
          42   -0.885151    -0.88601  0.00020099
          43   -0.884565   -0.885977 0.000199106
          44    -0.88509   -0.885956 0.000195597
          45   -0.885732   -0.885951 0.000191314
          46    -0.88604   -0.885953 0.000187165
          47   -0.885055   -0.885934 0.000184155
          48   -0.886121   -0.885938  0.00018036
          49    -0.88373   -0.885893 0.000182224
          50   -0.885839   -0.885892 0.000178582
