#     BLOCK:   ACTUAL_TE:    TE_AVE:      ERROR:
           1   -0.534397   -0.534397           0
           2    -0.53297   -0.533684 0.000504309
           3   -0.533532   -0.533633 0.000338728
           4   -0.535305   -0.534051   0.0004422
           5   -0.533687   -0.533978 0.000359696
           6   -0.532904   -0.533799  0.00034141
           7    -0.53399   -0.533827 0.000293728
           8   -0.533956   -0.533843 0.000257457
           9   -0.533538   -0.533809 0.000231072
          10   -0.534018    -0.53383 0.000208906
          11   -0.535626   -0.533993  0.00024556
          12   -0.533825   -0.533979 0.000225497
          13   -0.534254      -0.534 0.000209144
          14   -0.534608   -0.534044 0.000198661
          15   -0.534353   -0.534064 0.000186484
          16    -0.53429   -0.534078 0.000175364
          17   -0.534286    -0.53409 0.000165472
          18   -0.534874   -0.534134 0.000161908
          19   -0.533813   -0.534117 0.000154267
          20   -0.534274   -0.534125 0.000146752
          21   -0.533134   -0.534078 0.000147161
          22   -0.533374   -0.534046  0.00014391
          23   -0.533506   -0.534022 0.000139551
          24   -0.535496   -0.534084 0.000146625
          25   -0.533846   -0.534074 0.000141069
          26   -0.533743   -0.534061 0.000136216
          27   -0.533491    -0.53404 0.000132798
          28    -0.53273   -0.533994 0.000136056
          29   -0.534629   -0.534015 0.000133116
          30   -0.534214   -0.534022 0.000128844
          31   -0.535225   -0.534061 0.000130399
          32   -0.533668   -0.534049 0.000126901
          33   -0.533284   -0.534025 0.000125152
          34   -0.534163   -0.534029 0.000121537
          35   -0.533912   -0.534026 0.000118111
          36   -0.534058   -0.534027 0.000114833
          37   -0.534475   -0.534039 0.000112367
          38    -0.53399   -0.534038 0.000109417
          39   -0.534374   -0.534046  0.00010695
          40   -0.533394    -0.53403 0.000105511
          41   -0.534286   -0.534036 0.000103122
          42   -0.534163   -0.534039 0.000100711
          43   -0.533945   -0.534037 9.83932e-05
          44   -0.534256   -0.534042 9.62826e-05
          45   -0.533426   -0.534028 9.51104e-05
          46   -0.533892   -0.534026 9.30891e-05
          47   -0.533621   -0.534017 9.15059e-05
          48   -0.534062   -0.534018 8.96043e-05
          49   -0.533785   -0.534013 8.79017e-05
          50   -0.533707   -0.534007 8.63563e-05
