#     BLOCK:   ACTUAL_TE:    TE_AVE:      ERROR:
           1   -0.703898   -0.703898           0
           2   -0.702821   -0.703359 0.000380706
           3   -0.705709   -0.704142 0.000688005
           4   -0.703801   -0.704057 0.000521277
           5   -0.703707   -0.703987  0.00042169
           6   -0.705076   -0.704169 0.000388507
           7   -0.704377   -0.704198 0.000334143
           8   -0.703828   -0.704152 0.000295564
           9    -0.70361   -0.704092 0.000268798
          10   -0.703826   -0.704065 0.000243224
          11   -0.704385   -0.704094 0.000222841
          12   -0.703448    -0.70404 0.000210678
          13     -0.7029   -0.703953  0.00021195
          14   -0.703028   -0.703887 0.000206846
          15    -0.70379    -0.70388 0.000193156
          16   -0.703795   -0.703875 0.000181157
          17   -0.705157    -0.70395 0.000185531
          18   -0.705066   -0.704012 0.000185282
          19   -0.704044   -0.704014 0.000175538
          20   -0.703926    -0.70401 0.000166815
          21   -0.702757    -0.70395 0.000169203
          22   -0.703512    -0.70393 0.000162678
          23   -0.704198   -0.703942 0.000156021
          24    -0.70479   -0.703977 0.000153468
          25   -0.703527   -0.703959  0.00014838
          26   -0.703906   -0.703957 0.000142687
          27    -0.70457    -0.70398 0.000139195
          28   -0.703123   -0.703949 0.000137543
          29   -0.703818   -0.703945 0.000132874
          30   -0.702413   -0.703893 0.000137906
          31   -0.703882   -0.703893 0.000133458
          32   -0.704053   -0.703898 0.000129381
          33   -0.704021   -0.703902 0.000125514
          34   -0.704638   -0.703923 0.000123674
          35   -0.702727   -0.703889 0.000124774
          36   -0.703602   -0.703881 0.000121563
          37    -0.70431   -0.703893  0.00011883
          38   -0.705378   -0.703932 0.000121964
          39   -0.704311   -0.703942 0.000119223
          40    -0.70417   -0.703947  0.00011638
          41   -0.704446    -0.70396 0.000114174
          42   -0.704287   -0.703967 0.000111722
          43   -0.703528   -0.703957  0.00010959
          44   -0.703362   -0.703944 0.000107932
          45   -0.703281   -0.703929 0.000106533
          46   -0.703548   -0.703921 0.000104539
          47   -0.703115   -0.703903  0.00010371
          48   -0.704997   -0.703926  0.00010402
          49   -0.702606   -0.703899 0.000105331
          50   -0.704055   -0.703902 0.000103271
