#     BLOCK:   ACTUAL_TE:    TE_AVE:      ERROR:
           1   -0.972516   -0.972516           0
           2   -0.974445    -0.97348 0.000681934
           3   -0.974956   -0.973972 0.000606605
           4   -0.974517   -0.974108 0.000469981
           5    -0.97353   -0.973993 0.000389943
           6    -0.97337   -0.973889 0.000338503
           7   -0.974418   -0.973964 0.000298452
           8   -0.973524   -0.973909 0.000266175
           9   -0.975408   -0.974076 0.000283945
          10   -0.974862   -0.974154 0.000266199
          11   -0.976357   -0.974355 0.000308227
          12   -0.973072   -0.974248 0.000300505
          13   -0.976904   -0.974452 0.000339825
          14   -0.976983   -0.974633  0.00036045
          15   -0.974728   -0.974639 0.000336475
          16   -0.973193   -0.974549 0.000327365
          17   -0.975588    -0.97461 0.000313763
          18   -0.974299   -0.974593 0.000296807
          19   -0.973858   -0.974554  0.00028369
          20    -0.97431   -0.974542 0.000269767
          21   -0.976057   -0.974614 0.000266392
          22   -0.972682   -0.974526 0.000268374
          23   -0.973918     -0.9745 0.000258007
          24    -0.97367   -0.974465 0.000249564
          25   -0.974054   -0.974449 0.000240124
          26   -0.973156   -0.974399 0.000235979
          27   -0.972335   -0.974323 0.000239298
          28   -0.976055   -0.974384 0.000238619
          29   -0.972652   -0.974325 0.000237751
          30   -0.973729   -0.974305 0.000230654
          31   -0.973719   -0.974286 0.000223986
          32   -0.972818    -0.97424 0.000221636
          33   -0.975311   -0.974272 0.000217284
          34   -0.975391   -0.974305  0.00021337
          35   -0.973738   -0.974289 0.000207888
          36    -0.97275   -0.974246 0.000206461
          37   -0.972297   -0.974194 0.000207496
          38   -0.973075   -0.974164 0.000204113
          39   -0.973636   -0.974151 0.000199328
          40    -0.97321   -0.974127 0.000195729
          41   -0.972693   -0.974092 0.000194057
          42   -0.974222   -0.974095 0.000189461
          43   -0.969571    -0.97399 0.000212267
          44   -0.976441   -0.974046 0.000214626
          45   -0.972594   -0.974014 0.000212266
          46   -0.975414   -0.974044 0.000209822
          47   -0.975498   -0.974075 0.000207627
          48   -0.976908   -0.974134 0.000211525
          49   -0.977826   -0.974209 0.000220222
          50   -0.973217   -0.974189  0.00021671
