#     BLOCK:   ACTUAL_TE:    TE_AVE:      ERROR:
           1   -0.627602   -0.627602           0
           2   -0.626982   -0.627292 0.000219486
           3   -0.626284   -0.626956 0.000310926
           4   -0.626542   -0.626852 0.000249858
           5   -0.628427   -0.627167 0.000345419
           6   -0.627438   -0.627213 0.000290788
           7   -0.626958   -0.627176 0.000251503
           8   -0.627167   -0.627175 0.000220068
           9   -0.626454   -0.627095  0.00020968
          10   -0.627281   -0.627114 0.000189533
          11   -0.627402    -0.62714 0.000174102
          12   -0.626997   -0.627128     0.00016
          13    -0.62653   -0.627082 0.000154152
          14   -0.627714   -0.627127 0.000149599
          15    -0.62726   -0.627136 0.000139888
          16   -0.625784   -0.627051  0.00015457
          17    -0.62805    -0.62711  0.00015625
          18   -0.628725     -0.6272 0.000171395
          19   -0.627385    -0.62721  0.00016265
          20    -0.62693   -0.627196 0.000155115
          21   -0.627011   -0.627187 0.000147977
          22   -0.627486     -0.6272 0.000141876
          23   -0.627247   -0.627203 0.000135722
          24    -0.62801   -0.627236 0.000134177
          25   -0.627431   -0.627244 0.000129036
          26   -0.627667    -0.62726 0.000125096
          27   -0.627483   -0.627269 0.000120735
          28   -0.626047   -0.627225 0.000124052
          29   -0.627038   -0.627218 0.000119942
          30   -0.627464   -0.627227 0.000116223
          31   -0.627779   -0.627244 0.000113833
          32   -0.627315   -0.627247 0.000110297
          33   -0.627018    -0.62724 0.000107171
          34   -0.626499   -0.627218 0.000106209
          35   -0.627296    -0.62722 0.000103198
          36   -0.627421   -0.627226 0.000100482
          37   -0.626179   -0.627197 0.000101669
          38   -0.627136   -0.627196 9.90067e-05
          39   -0.627499   -0.627204 9.67732e-05
          40   -0.627511   -0.627211 9.46588e-05
          41   -0.627439   -0.627217 9.25131e-05
          42   -0.627382   -0.627221 9.03935e-05
          43   -0.627083   -0.627218 8.83479e-05
          44    -0.62751   -0.627224 8.65889e-05
          45   -0.626254   -0.627203 8.73057e-05
          46   -0.627407   -0.627207 8.55208e-05
          47   -0.626748   -0.627197 8.42573e-05
          48   -0.627349   -0.627201  8.2561e-05
          49    -0.62719     -0.6272 8.08764e-05
          50   -0.627908   -0.627214 8.04878e-05
