#     BLOCK:   ACTUAL_TE:    TE_AVE:      ERROR:
           1    -0.56231    -0.56231           0
           2   -0.562189   -0.562249 4.27092e-05
           3   -0.561798   -0.562099 0.000126165
           4   -0.562458   -0.562188 0.000122445
           5    -0.56309   -0.562369 0.000188638
           6   -0.561805   -0.562275 0.000179083
           7   -0.561414   -0.562152 0.000191133
           8   -0.562836   -0.562237 0.000185398
           9   -0.562805     -0.5623 0.000175197
          10   -0.562547   -0.562325 0.000159408
          11   -0.562998   -0.562386 0.000156205
          12   -0.561576   -0.562319   0.0001571
          13   -0.562771   -0.562353 0.000148823
          14   -0.563154   -0.562411 0.000148785
          15   -0.561561   -0.562354 0.000149263
          16   -0.562865   -0.562386 0.000143308
          17   -0.562878   -0.562415 0.000137775
          18   -0.562807   -0.562437 0.000131834
          19   -0.562353   -0.562432 0.000124969
          20   -0.562418   -0.562432 0.000118723
          21   -0.562323   -0.562426 0.000113181
          22   -0.562374   -0.562424 0.000108061
          23   -0.561778   -0.562396 0.000106956
          24     -0.5632   -0.562429 0.000107619
          25    -0.56197   -0.562411 0.000104869
          26    -0.56207   -0.562398  0.00010165
          27   -0.561993   -0.562383  9.8987e-05
          28   -0.561368   -0.562347 0.000101873
          29   -0.562344   -0.562347 9.83601e-05
          30   -0.562049   -0.562337 9.55811e-05
          31   -0.562362   -0.562338 9.25014e-05
          32   -0.562767   -0.562351   9.058e-05
          33   -0.561515   -0.562326 9.13071e-05
          34   -0.562773   -0.562339 8.95638e-05
          35   -0.562083   -0.562331  8.7302e-05
          36   -0.562924   -0.562348 8.64145e-05
          37   -0.562497   -0.562352 8.41726e-05
          38   -0.562542   -0.562357 8.21054e-05
          39    -0.56242   -0.562359  8.0016e-05
          40   -0.561464   -0.562336 8.10807e-05
          41   -0.562311   -0.562336 7.91054e-05
          42   -0.563066   -0.562353 7.91084e-05
          43   -0.562157   -0.562348 7.74001e-05
          44    -0.56301   -0.562363 7.70895e-05
          45   -0.561727   -0.562349  7.6662e-05
          46   -0.562482   -0.562352 7.50494e-05
          47   -0.562286   -0.562351 7.34656e-05
          48   -0.562336    -0.56235 7.19357e-05
          49   -0.562842   -0.562361 7.11625e-05
          50   -0.563211   -0.562378 7.17443e-05
