#     BLOCK:   ACTUAL_T:     T_AVE:       ERROR:
           1       1.982       1.982           0
           2     1.98198     1.98199 6.44471e-06
           3     1.98193     1.98197 1.78756e-05
           4     1.98184     1.98194 3.18607e-05
           5     1.98171     1.98189 4.80116e-05
           6     1.98155     1.98183 6.60769e-05
           7     1.98135     1.98176 8.58812e-05
           8     1.98111     1.98168 0.000107294
           9     1.98084     1.98159 0.000130216
          10     1.98053     1.98148 0.000154567
          11     1.98018     1.98136 0.000180285
          12     1.97979     1.98123 0.000207317
          13     1.97937     1.98109 0.000235622
          14     1.97891     1.98093 0.000265165
          15     1.97841     1.98077  0.00029592
          16     1.97788     1.98059 0.000327862
          17      1.9773     1.98039 0.000360974
          18     1.97669     1.98019 0.000395243
          19     1.97603     1.97997 0.000430657
          20     1.97534     1.97974 0.000467208
          21      1.9746     1.97949 0.000504892
          22     1.97382     1.97923 0.000543707
          23       1.973     1.97896 0.000583652
          24     1.97214     1.97868 0.000624728
          25     1.97123     1.97838 0.000666941
          26     1.97028     1.97807 0.000710293
          27     1.96929     1.97774 0.000754788
          28     1.96825     1.97741 0.000800428
          29     1.96716     1.97705 0.000847226
          30     1.96602     1.97668 0.000895196
          31     1.96484      1.9763  0.00094435
          32     1.96361     1.97591 0.000994704
          33     1.96232     1.97549  0.00104627
          34     1.96099     1.97507  0.00109905
          35      1.9596     1.97463  0.00115306
          36     1.95816     1.97417  0.00120832
          37     1.95667      1.9737  0.00126484
          38     1.95512     1.97321  0.00132265
          39     1.95351      1.9727  0.00138177
          40     1.95185     1.97218   0.0014422
          41     1.95013     1.97164  0.00150398
          42     1.94835     1.97109  0.00156712
          43      1.9465     1.97052  0.00163164
          44      1.9446     1.96993  0.00169757
          45     1.94263     1.96932  0.00176492
          46     1.94059      1.9687  0.00183372
          47     1.93849     1.96805    0.001904
          48     1.93632     1.96739  0.00197576
          49     1.93408     1.96671  0.00204905
          50     1.93177     1.96601  0.00212389
          51     1.92939      1.9653  0.00220031
          52     1.92693     1.96456  0.00227834
          53      1.9244      1.9638    0.002358
          54     1.92178     1.96302  0.00243933
          55     1.91909     1.96222  0.00252237
          56     1.91632      1.9614  0.00260714
          57     1.91346     1.96056  0.00269367
          58     1.91052      1.9597  0.00278199
          59     1.90749     1.95881  0.00287213
          60     1.90437     1.95791  0.00296413
          61     1.90117     1.95698    0.003058
          62     1.89787     1.95602  0.00315378
          63     1.89448     1.95505   0.0032515
          64     1.89099     1.95405   0.0033512
          65      1.8874     1.95302  0.00345291
          66     1.88372     1.95197  0.00355666
          67     1.87993     1.95089  0.00366249
          68     1.87604     1.94979  0.00377042
          69     1.87205     1.94867  0.00388049
          70     1.86794     1.94751  0.00399273
          71     1.86373     1.94633  0.00410718
          72     1.85941     1.94513  0.00422385
          73     1.85497     1.94389  0.00434279
          74     1.85042     1.94263  0.00446403
          75     1.84575     1.94134  0.00458759
          76     1.84097     1.94002  0.00471349
          77     1.83606     1.93867  0.00484176
          78     1.83103     1.93729  0.00497244
          79     1.82588     1.93588  0.00510553
          80     1.82061     1.93444  0.00524108
          81     1.81521     1.93296   0.0053791
          82     1.80968     1.93146  0.00551961
          83     1.80402     1.92992  0.00566264
          84     1.79823     1.92836   0.0058082
          85     1.79231     1.92676  0.00595632
          86     1.78626     1.92512  0.00610701
          87     1.78007     1.92346  0.00626028
          88     1.77374     1.92175  0.00641614
          89     1.76729     1.92002   0.0065746
          90     1.76069     1.91825  0.00673567
          91     1.75396     1.91644  0.00689935
          92     1.74709      1.9146  0.00706565
          93     1.74009     1.91273  0.00723457
          94     1.73294     1.91081   0.0074061
          95     1.72566     1.90886  0.00758023
          96     1.71825     1.90688  0.00775697
          97     1.71069     1.90486  0.00793629
          98     1.70301      1.9028  0.00811819
          99     1.69518      1.9007  0.00830264
         100     1.68722     1.89856  0.00848961
         101     1.67914     1.89639   0.0086791
         102     1.67092     1.89418  0.00887105
         103     1.66257     1.89193  0.00906545
         104     1.65409     1.88965  0.00926225
         105     1.64549     1.88732  0.00946141
         106     1.63677     1.88496  0.00966289
         107     1.62793     1.88255  0.00986663
         108     1.61898     1.88011   0.0100726
         109     1.60991     1.87764   0.0102807
         110     1.60074     1.87512   0.0104909
         111     1.59145     1.87256   0.0107031
         112     1.58207     1.86997   0.0109173
         113     1.57259     1.86734   0.0111333
         114     1.56302     1.86467   0.0113512
         115     1.55336     1.86196   0.0115708
         116     1.54362     1.85922    0.011792
         117     1.53381     1.85644   0.0120147
         118     1.52392     1.85362   0.0122389
         119     1.51396     1.85076   0.0124644
         120     1.50395     1.84787   0.0126912
         121     1.49389     1.84495   0.0129191
         122     1.48377     1.84199    0.013148
         123     1.47362     1.83899   0.0133779
         124     1.46343     1.83596   0.0136085
         125     1.45322      1.8329   0.0138398
         126     1.44299     1.82981   0.0140717
         127     1.43275     1.82668    0.014304
         128      1.4225     1.82352   0.0145366
         129     1.41225     1.82033   0.0147694
         130     1.40202     1.81712   0.0150022
         131      1.3918     1.81387   0.0152349
         132     1.38161      1.8106   0.0154675
         133     1.37145     1.80729   0.0156996
         134     1.36133     1.80397   0.0159313
         135     1.35126     1.80061   0.0161624
         136     1.34124     1.79723   0.0163927
         137     1.33129     1.79383   0.0166221
         138      1.3214     1.79041   0.0168505
         139     1.31159     1.78697   0.0170777
         140     1.30187      1.7835   0.0173037
         141     1.29223     1.78002   0.0175282
         142     1.28268     1.77651   0.0177513
         143     1.27325     1.77299   0.0179726
         144     1.26392     1.76946   0.0181922
         145      1.2547     1.76591   0.0184098
         146     1.24561     1.76235   0.0186255
         147     1.23664     1.75877    0.018839
         148     1.22781     1.75518   0.0190502
         149     1.21911     1.75158   0.0192591
         150     1.21055     1.74798   0.0194655
         151     1.20215     1.74436   0.0196694
         152     1.19389     1.74074   0.0198706
         153     1.18579     1.73711    0.020069
         154     1.17785     1.73348   0.0202646
         155     1.17008     1.72985   0.0204573
         156     1.16247     1.72621   0.0206469
         157     1.15503     1.72257   0.0208335
         158     1.14776     1.71893   0.0210169
         159     1.14067      1.7153    0.021197
         160     1.13376     1.71166   0.0213739
         161     1.12703     1.70803   0.0215474
         162     1.12048      1.7044   0.0217175
         163     1.11412     1.70078   0.0218841
         164     1.10794     1.69717   0.0220472
         165     1.10194     1.69356   0.0222067
         166     1.09614     1.68996   0.0223627
         167     1.09052     1.68637    0.022515
         168     1.08509     1.68279   0.0226637
         169     1.07985     1.67923   0.0228086
         170     1.07479     1.67567   0.0229499
         171     1.06993     1.67213   0.0230875
         172     1.06525      1.6686   0.0232213
         173     1.06076     1.66509   0.0233514
         174     1.05645     1.66159   0.0234777
         175     1.05233     1.65811   0.0236002
         176     1.04839     1.65464   0.0237191
         177     1.04463      1.6512   0.0238341
         178     1.04105     1.64777   0.0239454
         179     1.03765     1.64436    0.024053
         180     1.03442     1.64097   0.0241569
         181     1.03136      1.6376   0.0242571
         182     1.02848     1.63426   0.0243536
         183     1.02576     1.63093   0.0244465
         184     1.02321     1.62763   0.0245357
         185     1.02082     1.62435   0.0246214
         186     1.01859     1.62109   0.0247034
         187     1.01651     1.61786    0.024782
         188     1.01459     1.61465    0.024857
         189     1.01282     1.61146   0.0249287
         190     1.01119     1.60831   0.0249968
         191     1.00971     1.60517   0.0250617
         192     1.00837     1.60206   0.0251232
         193     1.00716     1.59898   0.0251814
         194     1.00608     1.59592   0.0252363
         195     1.00514     1.59289   0.0252881
         196     1.00431     1.58989   0.0253368
         197     1.00361     1.58692   0.0253824
         198     1.00303     1.58397   0.0254249
         199     1.00256     1.58105   0.0254644
         200      1.0022     1.57815   0.0255011
         201     1.00194     1.57528   0.0255348
         202     1.00179     1.57245   0.0255657
         203     1.00174     1.56963   0.0255939
         204     1.00178     1.56685   0.0256194
         205     1.00191     1.56409   0.0256422
         206     1.00213     1.56137   0.0256624
         207     1.00243     1.55867   0.0256801
         208     1.00281     1.55599   0.0256953
         209     1.00327     1.55335   0.0257081
         210      1.0038     1.55073   0.0257185
         211     1.00439     1.54814   0.0257267
         212     1.00506     1.54558   0.0257325
         213     1.00578     1.54305   0.0257362
         214     1.00656     1.54054   0.0257378
         215      1.0074     1.53806   0.0257372
         216     1.00828     1.53561   0.0257347
         217     1.00922     1.53318   0.0257302
         218     1.01019     1.53078   0.0257237
         219     1.01121     1.52841   0.0257155
         220     1.01226     1.52606   0.0257054
         221     1.01334     1.52374   0.0256935
         222     1.01446     1.52145     0.02568
         223      1.0156     1.51918   0.0256648
         224     1.01676     1.51694   0.0256481
         225     1.01794     1.51472   0.0256298
         226     1.01915     1.51253     0.02561
         227     1.02036     1.51036   0.0255888
         228     1.02159     1.50822   0.0255662
         229     1.02282      1.5061   0.0255423
         230     1.02407       1.504   0.0255171
         231     1.02531     1.50193   0.0254906
         232     1.02656     1.49988    0.025463
         233     1.02781     1.49785   0.0254342
         234     1.02905     1.49585   0.0254043
         235     1.03029     1.49387   0.0253733
         236     1.03152     1.49191   0.0253413
         237     1.03274     1.48997   0.0253083
         238     1.03396     1.48806   0.0252744
         239     1.03516     1.48616   0.0252396
         240     1.03635     1.48429   0.0252039
         241     1.03753     1.48243   0.0251674
         242     1.03869      1.4806   0.0251301
         243     1.03984     1.47879   0.0250921
         244     1.04098     1.47699   0.0250533
         245     1.04209     1.47522   0.0250139
         246      1.0432     1.47346   0.0249738
         247     1.04428     1.47172    0.024933
         248     1.04535        1.47   0.0248917
         249     1.04641      1.4683   0.0248498
         250     1.04745     1.46662   0.0248073
         251     1.04847     1.46495   0.0247644
         252     1.04948      1.4633   0.0247209
         253     1.05048     1.46167    0.024677
         254     1.05147     1.46006   0.0246326
         255     1.05245     1.45846   0.0245879
         256     1.05342     1.45688   0.0245427
         257     1.05438     1.45531   0.0244971
         258     1.05534     1.45376   0.0244511
         259     1.05629     1.45223   0.0244048
         260     1.05724     1.45071   0.0243582
         261     1.05819      1.4492   0.0243113
         262     1.05914     1.44771    0.024264
         263      1.0601     1.44624   0.0242165
         264     1.06106     1.44478   0.0241687
         265     1.06203     1.44334   0.0241206
         266       1.063     1.44191   0.0240723
         267     1.06399     1.44049   0.0240237
         268     1.06499     1.43909   0.0239749
         269     1.06601      1.4377   0.0239258
         270     1.06704     1.43633   0.0238765
         271     1.06809     1.43497   0.0238271
         272     1.06915     1.43363   0.0237774
         273     1.07024      1.4323   0.0237275
         274     1.07134     1.43098   0.0236775
         275     1.07247     1.42968   0.0236272
         276     1.07362     1.42839   0.0235768
         277     1.07479     1.42711   0.0235262
         278     1.07598     1.42585   0.0234755
         279      1.0772      1.4246   0.0234246
         280     1.07844     1.42336   0.0233735
         281     1.07971     1.42214   0.0233223
         282       1.081     1.42093    0.023271
         283     1.08231     1.41973   0.0232195
         284     1.08364     1.41855   0.0231679
         285     1.08499     1.41738   0.0231161
         286     1.08636     1.41622   0.0230643
         287     1.08775     1.41507   0.0230123
         288     1.08915     1.41394   0.0229602
         289     1.09058     1.41282    0.022908
         290     1.09201     1.41172   0.0228557
         291     1.09346     1.41062   0.0228033
         292     1.09493     1.40954   0.0227508
         293     1.09639     1.40847   0.0226983
         294     1.09787     1.40742   0.0226456
         295     1.09935     1.40637   0.0225929
         296     1.10083     1.40534   0.0225402
         297     1.10232     1.40432   0.0224873
         298      1.1038     1.40331   0.0224345
         299     1.10528     1.40232   0.0223816
         300     1.10675     1.40133   0.0223287
         301     1.10821     1.40036   0.0222757
         302     1.10967     1.39939   0.0222227
         303     1.11111     1.39844   0.0221697
         304     1.11253      1.3975   0.0221168
         305     1.11394     1.39657   0.0220638
         306     1.11534     1.39565   0.0220108
         307     1.11671     1.39474   0.0219579
         308     1.11806     1.39385   0.0219049
         309     1.11939     1.39296    0.021852
         310     1.12069     1.39208   0.0217992
         311     1.12197     1.39121   0.0217464
         312     1.12321     1.39035   0.0216937
         313     1.12443      1.3895    0.021641
         314     1.12562     1.38866   0.0215884
         315     1.12677     1.38783   0.0215358
         316      1.1279     1.38701   0.0214834
         317     1.12899     1.38619    0.021431
         318     1.13004     1.38539   0.0213788
         319     1.13106     1.38459   0.0213266
         320     1.13204      1.3838   0.0212746
         321     1.13299     1.38302   0.0212226
         322      1.1339     1.38225   0.0211708
         323     1.13477     1.38148   0.0211191
         324      1.1356     1.38072   0.0210676
         325      1.1364     1.37997   0.0210162
         326     1.13715     1.37923   0.0209649
         327     1.13786     1.37849   0.0209138
         328     1.13854     1.37776   0.0208628
         329     1.13918     1.37703    0.020812
         330     1.13977     1.37631   0.0207613
         331     1.14033      1.3756   0.0207109
         332     1.14084     1.37489   0.0206605
         333     1.14132     1.37419   0.0206104
         334     1.14175     1.37349   0.0205604
         335     1.14215      1.3728   0.0205107
         336      1.1425     1.37212   0.0204611
         337     1.14282     1.37144   0.0204117
         338     1.14309     1.37076   0.0203624
         339     1.14333     1.37009   0.0203134
         340     1.14352     1.36943   0.0202646
         341     1.14368     1.36876    0.020216
         342      1.1438     1.36811   0.0201676
         343     1.14387     1.36745   0.0201194
         344     1.14391      1.3668   0.0200714
         345      1.1439     1.36616   0.0200236
         346     1.14386     1.36551    0.019976
         347     1.14377     1.36487   0.0199287
         348     1.14365     1.36424   0.0198816
         349     1.14348     1.36361   0.0198346
         350     1.14327     1.36298    0.019788
         351     1.14303     1.36235   0.0197415
         352     1.14274     1.36173   0.0196953
         353     1.14242      1.3611   0.0196493
         354     1.14205     1.36049   0.0196035
         355     1.14164     1.35987    0.019558
         356     1.14119     1.35926   0.0195127
         357     1.14069     1.35864   0.0194676
         358     1.14016     1.35803   0.0194228
         359     1.13958     1.35742   0.0193782
         360     1.13896     1.35682   0.0193339
         361      1.1383     1.35621   0.0192898
         362     1.13759     1.35561    0.019246
         363     1.13684     1.35501   0.0192024
         364     1.13605      1.3544   0.0191591
         365     1.13521      1.3538    0.019116
         366     1.13433      1.3532   0.0190732
         367      1.1334      1.3526   0.0190306
         368     1.13243     1.35201   0.0189883
         369     1.13142     1.35141   0.0189462
         370     1.13037     1.35081   0.0189045
         371     1.12927     1.35021   0.0188629
         372     1.12813     1.34962   0.0188217
         373     1.12694     1.34902   0.0187807
         374     1.12571     1.34842   0.0187399
         375     1.12444     1.34783   0.0186995
         376     1.12313     1.34723   0.0186593
         377     1.12177     1.34663   0.0186194
         378     1.12038     1.34603   0.0185797
         379     1.11894     1.34543   0.0185404
         380     1.11747     1.34483   0.0185013
         381     1.11596     1.34423   0.0184625
         382     1.11441     1.34363    0.018424
         383     1.11282     1.34303   0.0183857
         384      1.1112     1.34242   0.0183477
         385     1.10954     1.34182     0.01831
         386     1.10786     1.34121   0.0182726
         387     1.10614     1.34061   0.0182355
         388     1.10439        1.34   0.0181987
         389     1.10262     1.33939   0.0181621
         390     1.10082     1.33877   0.0181259
         391       1.099     1.33816   0.0180899
         392     1.09716     1.33755   0.0180542
         393     1.09529     1.33693   0.0180187
         394     1.09342     1.33631   0.0179836
         395     1.09153     1.33569   0.0179488
         396     1.08962     1.33507   0.0179142
         397     1.08771     1.33445   0.0178799
         398     1.08579     1.33382   0.0178459
         399     1.08387      1.3332   0.0178121
         400     1.08195     1.33257   0.0177787
         401     1.08003     1.33194   0.0177455
         402     1.07811     1.33131   0.0177126
         403      1.0762     1.33067   0.0176799
         404      1.0743     1.33004   0.0176476
         405     1.07241      1.3294   0.0176154
         406     1.07055     1.32877   0.0175836
         407      1.0687     1.32813    0.017552
         408     1.06687     1.32749   0.0175207
         409     1.06507     1.32685   0.0174896
         410     1.06329      1.3262   0.0174587
         411     1.06155     1.32556   0.0174281
         412     1.05984     1.32491   0.0173977
         413     1.05816     1.32427   0.0173676
         414     1.05652     1.32362   0.0173377
         415     1.05493     1.32297    0.017308
         416     1.05338     1.32233   0.0172785
         417     1.05187     1.32168   0.0172492
         418     1.05042     1.32103   0.0172202
         419     1.04901     1.32038   0.0171913
         420     1.04766     1.31973   0.0171626
         421     1.04636     1.31908   0.0171342
         422     1.04512     1.31843   0.0171058
         423     1.04393     1.31778   0.0170777
         424     1.04281     1.31713   0.0170497
         425     1.04175     1.31649   0.0170219
         426     1.04075     1.31584   0.0169943
         427     1.03982     1.31519   0.0169668
         428     1.03895     1.31455   0.0169394
         429     1.03815      1.3139   0.0169122
         430     1.03741     1.31326   0.0168851
         431     1.03674     1.31262   0.0168581
         432     1.03614     1.31198   0.0168312
         433     1.03561     1.31134   0.0168044
         434     1.03515      1.3107   0.0167777
         435     1.03475     1.31007   0.0167512
         436     1.03443     1.30944   0.0167247
         437     1.03417     1.30881   0.0166982
         438     1.03398     1.30818   0.0166719
         439     1.03386     1.30755   0.0166456
         440     1.03381     1.30693   0.0166194
         441     1.03382     1.30631   0.0165933
         442     1.03391      1.3057   0.0165672
         443     1.03405     1.30508   0.0165411
         444     1.03427     1.30447   0.0165151
         445     1.03454     1.30387   0.0164891
         446     1.03488     1.30326   0.0164632
         447     1.03529     1.30266   0.0164373
         448     1.03575     1.30207   0.0164114
         449     1.03627     1.30148   0.0163855
         450     1.03685     1.30089   0.0163596
         451     1.03749      1.3003   0.0163338
         452     1.03819     1.29972   0.0163079
         453     1.03894     1.29915   0.0162821
         454     1.03974     1.29858   0.0162562
         455      1.0406     1.29801   0.0162304
         456     1.04151     1.29745   0.0162046
         457     1.04247     1.29689   0.0161787
         458     1.04347     1.29634   0.0161528
         459     1.04453     1.29579    0.016127
         460     1.04563     1.29524   0.0161011
         461     1.04677      1.2947   0.0160752
         462     1.04795     1.29417   0.0160492
         463     1.04918     1.29364   0.0160233
         464     1.05045     1.29312   0.0159973
         465     1.05175      1.2926   0.0159713
         466      1.0531     1.29208   0.0159453
         467     1.05447     1.29158   0.0159193
         468     1.05589     1.29107   0.0158933
         469     1.05733     1.29057   0.0158672
         470     1.05881     1.29008   0.0158411
         471     1.06031     1.28959    0.015815
         472     1.06185     1.28911   0.0157888
         473     1.06341     1.28863   0.0157626
         474     1.06499     1.28816   0.0157364
         475     1.06661     1.28769   0.0157102
         476     1.06824     1.28723    0.015684
         477      1.0699     1.28678   0.0156577
         478     1.07157     1.28633   0.0156314
         479     1.07327     1.28588   0.0156051
         480     1.07498     1.28544   0.0155788
         481     1.07671     1.28501   0.0155525
         482     1.07846     1.28458   0.0155261
         483     1.08022     1.28416   0.0154997
         484     1.08199     1.28374   0.0154733
         485     1.08377     1.28333   0.0154469
         486     1.08556     1.28292   0.0154205
         487     1.08736     1.28252    0.015394
         488     1.08916     1.28212   0.0153676
         489     1.09097     1.28173   0.0153411
         490     1.09278     1.28135   0.0153147
         491      1.0946     1.28097   0.0152882
         492     1.09641     1.28059   0.0152617
         493     1.09823     1.28022   0.0152353
         494     1.10004     1.27986   0.0152088
         495     1.10184      1.2795   0.0151823
         496     1.10364     1.27914   0.0151558
         497     1.10543     1.27879   0.0151294
         498     1.10721     1.27845   0.0151029
         499     1.10897     1.27811   0.0150765
         500     1.11073     1.27777     0.01505
         501     1.11246     1.27744   0.0150236
         502     1.11418     1.27712   0.0149972
         503     1.11588      1.2768   0.0149708
         504     1.11755     1.27648   0.0149444
         505      1.1192     1.27617   0.0149181
         506     1.12083     1.27586   0.0148918
         507     1.12242     1.27556   0.0148655
         508     1.12399     1.27526   0.0148392
         509     1.12552     1.27497    0.014813
         510     1.12702     1.27468   0.0147868
         511     1.12848     1.27439   0.0147606
         512      1.1299     1.27411   0.0147345
         513     1.13129     1.27383   0.0147084
         514     1.13262     1.27356   0.0146823
         515     1.13392     1.27329   0.0146563
         516     1.13517     1.27302   0.0146304
         517     1.13636     1.27275   0.0146044
         518     1.13751     1.27249   0.0145786
         519     1.13861     1.27224   0.0145528
         520     1.13965     1.27198    0.014527
         521     1.14064     1.27173   0.0145013
         522     1.14157     1.27148   0.0144757
         523     1.14244     1.27123   0.0144501
         524     1.14326     1.27099   0.0144246
         525     1.14401     1.27075   0.0143992
         526      1.1447     1.27051   0.0143738
         527     1.14532     1.27027   0.0143485
         528     1.14589     1.27003   0.0143232
         529     1.14638      1.2698   0.0142981
         530     1.14682     1.26957    0.014273
         531     1.14718     1.26934   0.0142479
         532     1.14748     1.26911    0.014223
         533     1.14771     1.26888   0.0141981
         534     1.14787     1.26865   0.0141734
         535     1.14797     1.26843   0.0141487
         536     1.14799      1.2682    0.014124
         537     1.14794     1.26798   0.0140995
         538     1.14783     1.26776   0.0140751
         539     1.14765     1.26753   0.0140507
         540     1.14739     1.26731   0.0140265
         541     1.14707     1.26709   0.0140023
         542     1.14668     1.26687   0.0139782
         543     1.14622     1.26664   0.0139543
         544     1.14569     1.26642   0.0139304
         545      1.1451      1.2662   0.0139066
         546     1.14444     1.26598   0.0138829
         547     1.14371     1.26575   0.0138593
         548     1.14291     1.26553   0.0138359
         549     1.14205      1.2653   0.0138125
         550     1.14113     1.26508   0.0137892
         551     1.14014     1.26485   0.0137661
         552     1.13909     1.26462    0.013743
         553     1.13798     1.26439   0.0137201
         554     1.13681     1.26416   0.0136972
         555     1.13558     1.26393   0.0136745
         556     1.13429      1.2637   0.0136519
         557     1.13295     1.26346   0.0136294
         558     1.13155     1.26323    0.013607
         559      1.1301     1.26299   0.0135848
         560      1.1286     1.26275   0.0135626
         561     1.12706     1.26251   0.0135406
         562     1.12546     1.26226   0.0135187
         563     1.12382     1.26202   0.0134969
         564     1.12214     1.26177   0.0134753
         565     1.12042     1.26152   0.0134538
         566     1.11866     1.26127   0.0134324
         567     1.11686     1.26101   0.0134111
         568     1.11504     1.26076   0.0133899
         569     1.11318      1.2605   0.0133689
         570      1.1113     1.26023    0.013348
         571     1.10939     1.25997   0.0133273
         572     1.10747      1.2597   0.0133066
         573     1.10553     1.25943   0.0132861
         574     1.10357     1.25916   0.0132657
         575     1.10161     1.25889   0.0132455
         576     1.09964     1.25861   0.0132254
         577     1.09767     1.25833   0.0132054
         578      1.0957     1.25805   0.0131856
         579     1.09373     1.25777   0.0131658
         580     1.09178     1.25748   0.0131463
         581     1.08984     1.25719   0.0131268
         582     1.08792      1.2569   0.0131075
         583     1.08602     1.25661   0.0130883
         584     1.08415     1.25631   0.0130692
         585     1.08231     1.25602   0.0130502
         586      1.0805     1.25572   0.0130314
         587     1.07874     1.25542   0.0130127
         588     1.07702     1.25511   0.0129941
         589     1.07535     1.25481   0.0129756
         590     1.07373      1.2545   0.0129572
         591     1.07217     1.25419    0.012939
         592     1.07068     1.25388   0.0129208
         593     1.06925     1.25357   0.0129028
         594     1.06789     1.25326   0.0128849
         595     1.06661     1.25294    0.012867
         596     1.06541     1.25263   0.0128493
         597      1.0643     1.25231   0.0128316
         598     1.06327       1.252   0.0128141
         599     1.06233     1.25168   0.0127966
         600     1.06149     1.25136   0.0127792
         601     1.06075     1.25105   0.0127619
         602     1.06012     1.25073   0.0127446
         603     1.05959     1.25041   0.0127274
         604     1.05916      1.2501   0.0127103
         605     1.05885     1.24978   0.0126932
         606     1.05865     1.24947   0.0126762
         607     1.05856     1.24915   0.0126592
         608     1.05859     1.24884   0.0126422
         609     1.05874     1.24853   0.0126253
         610       1.059     1.24821   0.0126085
         611     1.05938     1.24791   0.0125916
         612     1.05988      1.2476   0.0125748
         613     1.06049     1.24729    0.012558
         614     1.06122     1.24699   0.0125412
         615     1.06206     1.24669   0.0125244
         616     1.06301     1.24639   0.0125076
         617     1.06406      1.2461   0.0124908
         618     1.06523      1.2458   0.0124741
         619     1.06649     1.24551   0.0124573
         620     1.06786     1.24523   0.0124405
         621     1.06931     1.24494   0.0124237
         622     1.07086     1.24466   0.0124068
         623     1.07249     1.24439     0.01239
         624     1.07421     1.24411   0.0123731
         625       1.076     1.24385   0.0123563
         626     1.07786     1.24358   0.0123394
         627     1.07978     1.24332   0.0123225
         628     1.08177     1.24306   0.0123055
         629     1.08381     1.24281   0.0122886
         630      1.0859     1.24256   0.0122716
         631     1.08804     1.24231   0.0122546
         632     1.09021     1.24207   0.0122376
         633     1.09243     1.24184   0.0122205
         634     1.09467     1.24161   0.0122034
         635     1.09693     1.24138   0.0121863
         636     1.09922     1.24115   0.0121692
         637     1.10153     1.24093   0.0121521
         638     1.10385     1.24072    0.012135
         639     1.10617     1.24051   0.0121178
         640      1.1085      1.2403   0.0121006
         641     1.11084      1.2401   0.0120834
         642     1.11317      1.2399   0.0120662
         643      1.1155     1.23971    0.012049
         644     1.11782     1.23952   0.0120318
         645     1.12013     1.23934   0.0120145
         646     1.12242     1.23915   0.0119973
         647      1.1247     1.23898   0.0119801
         648     1.12697      1.2388   0.0119628
         649     1.12921     1.23864   0.0119456
         650     1.13144     1.23847   0.0119283
         651     1.13364     1.23831   0.0119111
         652     1.13581     1.23815   0.0118939
         653     1.13796       1.238   0.0118767
         654     1.14008     1.23785   0.0118594
         655     1.14216      1.2377   0.0118422
         656     1.14422     1.23756    0.011825
         657     1.14624     1.23742   0.0118079
         658     1.14823     1.23729   0.0117907
         659     1.15019     1.23715   0.0117735
         660      1.1521     1.23703   0.0117564
         661     1.15397      1.2369   0.0117393
         662     1.15581     1.23678   0.0117222
         663      1.1576     1.23666   0.0117051
         664     1.15934     1.23654   0.0116881
         665     1.16104     1.23643   0.0116711
         666     1.16268     1.23632   0.0116541
         667     1.16428     1.23621   0.0116371
         668     1.16583      1.2361   0.0116201
         669     1.16732       1.236   0.0116032
         670     1.16875      1.2359   0.0115863
         671     1.17012      1.2358   0.0115695
         672     1.17144     1.23571   0.0115527
         673     1.17269     1.23561   0.0115359
         674     1.17388     1.23552   0.0115191
         675       1.175     1.23543   0.0115024
         676     1.17605     1.23534   0.0114857
         677     1.17703     1.23526   0.0114691
         678     1.17794     1.23517   0.0114525
         679     1.17878     1.23509   0.0114359
         680     1.17954     1.23501   0.0114194
         681     1.18022     1.23493   0.0114029
         682     1.18082     1.23485   0.0113865
         683     1.18134     1.23477   0.0113701
         684     1.18178     1.23469   0.0113537
         685     1.18213     1.23462   0.0113374
         686      1.1824     1.23454   0.0113211
         687     1.18258     1.23446   0.0113049
         688     1.18268     1.23439   0.0112887
         689     1.18268     1.23431   0.0112726
         690      1.1826     1.23424   0.0112565
         691     1.18243     1.23416   0.0112404
         692     1.18217     1.23409   0.0112245
         693     1.18182     1.23401   0.0112085
         694     1.18138     1.23394   0.0111926
         695     1.18085     1.23386   0.0111768
         696     1.18023     1.23378    0.011161
         697     1.17953     1.23371   0.0111452
         698     1.17873     1.23363   0.0111295
         699     1.17785     1.23355   0.0111139
         700     1.17688     1.23347   0.0110983
         701     1.17583     1.23338   0.0110828
         702     1.17469      1.2333   0.0110673
         703     1.17347     1.23322   0.0110519
         704     1.17217     1.23313   0.0110366
         705      1.1708     1.23304   0.0110213
         706     1.16934     1.23295    0.011006
         707     1.16781     1.23286   0.0109908
         708     1.16621     1.23276   0.0109757
         709     1.16453     1.23267   0.0109607
         710     1.16279     1.23257   0.0109457
         711     1.16098     1.23247   0.0109307
         712     1.15911     1.23237   0.0109159
         713     1.15719     1.23226   0.0109011
         714      1.1552     1.23215   0.0108863
         715     1.15316     1.23204   0.0108717
         716     1.15107     1.23193   0.0108571
         717     1.14893     1.23181   0.0108425
         718     1.14674      1.2317   0.0108281
         719     1.14451     1.23157   0.0108137
         720     1.14224     1.23145   0.0107994
         721     1.13993     1.23132   0.0107852
         722     1.13758     1.23119    0.010771
         723     1.13521     1.23106   0.0107569
         724     1.13281     1.23092   0.0107429
         725     1.13037     1.23079    0.010729
         726     1.12792     1.23064   0.0107152
         727     1.12544      1.2305   0.0107014
         728     1.12294     1.23035   0.0106877
         729     1.12042      1.2302   0.0106741
         730     1.11789     1.23005   0.0106606
         731     1.11534     1.22989   0.0106472
         732     1.11278     1.22973   0.0106338
         733     1.11021     1.22957   0.0106206
         734     1.10763      1.2294   0.0106074
         735     1.10505     1.22923   0.0105943
         736     1.10245     1.22906   0.0105813
         737     1.09985     1.22888   0.0105684
         738     1.09725     1.22871   0.0105556
         739     1.09465     1.22852   0.0105429
         740     1.09205     1.22834   0.0105303
         741     1.08945     1.22815   0.0105177
         742     1.08685     1.22796   0.0105053
         743     1.08425     1.22777   0.0104929
         744     1.08166     1.22757   0.0104806
         745     1.07907     1.22737   0.0104685
         746      1.0765     1.22717   0.0104564
         747     1.07393     1.22697   0.0104444
         748     1.07137     1.22676   0.0104325
         749     1.06882     1.22655   0.0104207
         750     1.06629     1.22633    0.010409
         751     1.06377     1.22612   0.0103974
         752     1.06126      1.2259   0.0103859
         753     1.05878     1.22568   0.0103745
         754     1.05631     1.22545   0.0103631
         755     1.05387     1.22522   0.0103519
         756     1.05145     1.22499   0.0103408
         757     1.04905     1.22476   0.0103297
         758     1.04668     1.22453   0.0103188
         759     1.04434     1.22429   0.0103079
         760     1.04203     1.22405   0.0102971
         761     1.03975     1.22381   0.0102864
         762      1.0375     1.22356   0.0102758
         763      1.0353     1.22332   0.0102653
         764     1.03313     1.22307   0.0102549
         765       1.031     1.22282   0.0102446
         766     1.02892     1.22256   0.0102343
         767     1.02688     1.22231   0.0102242
         768     1.02489     1.22205   0.0102141
         769     1.02295     1.22179   0.0102041
         770     1.02106     1.22153   0.0101942
         771     1.01923     1.22127   0.0101843
         772     1.01745       1.221   0.0101745
         773     1.01573     1.22074   0.0101648
         774     1.01406     1.22047   0.0101552
         775     1.01246      1.2202   0.0101457
         776     1.01092     1.21993   0.0101362
         777     1.00944     1.21966   0.0101267
         778     1.00803     1.21939   0.0101174
         779     1.00669     1.21912   0.0101081
         780     1.00541     1.21884   0.0100988
         781      1.0042     1.21857   0.0100896
         782     1.00306     1.21829   0.0100805
         783     1.00199     1.21802   0.0100714
         784     1.00099     1.21774   0.0100624
         785     1.00006     1.21746   0.0100534
         786    0.999198     1.21719   0.0100444
         787     0.99841     1.21691   0.0100355
         788    0.997692     1.21663   0.0100266
         789    0.997045     1.21635   0.0100178
         790    0.996468     1.21607    0.010009
         791     0.99596     1.21579   0.0100002
         792    0.995521     1.21552  0.00999141
         793     0.99515     1.21524  0.00998268
         794    0.994845     1.21496  0.00997396
         795    0.994607     1.21468  0.00996527
         796    0.994433     1.21441  0.00995659
         797    0.994322     1.21413  0.00994792
         798    0.994272     1.21386  0.00993927
         799    0.994282     1.21358  0.00993063
         800    0.994351     1.21331    0.009922
         801    0.994476     1.21303  0.00991337
         802    0.994656     1.21276  0.00990475
         803    0.994889     1.21249  0.00989613
         804    0.995172     1.21222  0.00988751
         805    0.995504     1.21195  0.00987889
         806    0.995883     1.21168  0.00987027
         807    0.996306     1.21141  0.00986165
         808    0.996772     1.21115  0.00985302
         809    0.997279     1.21088  0.00984439
         810    0.997824     1.21062  0.00983575
         811    0.998405     1.21036   0.0098271
         812    0.999021      1.2101  0.00981845
         813    0.999669     1.20984  0.00980978
         814     1.00035     1.20958   0.0098011
         815     1.00106     1.20933  0.00979242
         816     1.00179     1.20907  0.00978372
         817     1.00255     1.20882  0.00977501
         818     1.00333     1.20857  0.00976629
         819     1.00413     1.20832  0.00975755
         820     1.00495     1.20807   0.0097488
         821     1.00579     1.20783  0.00974004
         822     1.00665     1.20758  0.00973127
         823     1.00752     1.20734  0.00972248
         824     1.00841      1.2071  0.00971368
         825     1.00931     1.20686  0.00970486
         826     1.01022     1.20662  0.00969603
         827     1.01114     1.20638  0.00968719
         828     1.01207     1.20615  0.00967833
         829     1.01301     1.20591  0.00966946
         830     1.01396     1.20568  0.00966057
         831     1.01492     1.20545  0.00965168
         832     1.01588     1.20523  0.00964276
         833     1.01685       1.205  0.00963384
         834     1.01782     1.20478   0.0096249
         835      1.0188     1.20455  0.00961595
         836     1.01978     1.20433  0.00960699
         837     1.02077     1.20411  0.00959801
         838     1.02176     1.20389  0.00958903
         839     1.02275     1.20368  0.00958003
         840     1.02375     1.20346  0.00957102
         841     1.02475     1.20325    0.009562
         842     1.02575     1.20304  0.00955296
         843     1.02676     1.20283  0.00954392
         844     1.02776     1.20262  0.00953487
         845     1.02877     1.20242   0.0095258
         846     1.02979     1.20221  0.00951673
         847      1.0308     1.20201  0.00950764
         848     1.03182     1.20181  0.00949855
         849     1.03283     1.20161  0.00948945
         850     1.03385     1.20142  0.00948033
         851     1.03487     1.20122  0.00947121
         852     1.03589     1.20103  0.00946208
         853     1.03692     1.20083  0.00945295
         854     1.03794     1.20064   0.0094438
         855     1.03896     1.20045  0.00943465
         856     1.03999     1.20027  0.00942549
         857     1.04101     1.20008  0.00941632
         858     1.04204      1.1999  0.00940715
         859     1.04307     1.19971  0.00939797
         860     1.04409     1.19953  0.00938879
         861     1.04512     1.19935  0.00937959
         862     1.04614     1.19918   0.0093704
         863     1.04717       1.199  0.00936119
         864     1.04819     1.19882  0.00935199
         865     1.04922     1.19865  0.00934277
         866     1.05024     1.19848  0.00933356
         867     1.05125     1.19831  0.00932434
         868     1.05227     1.19814  0.00931511
         869     1.05328     1.19798  0.00930588
         870     1.05429     1.19781  0.00929665
         871     1.05529     1.19765  0.00928742
         872     1.05629     1.19748  0.00927818
         873     1.05728     1.19732  0.00926895
         874     1.05827     1.19716  0.00925971
         875     1.05925     1.19701  0.00925046
         876     1.06022     1.19685  0.00924122
         877     1.06119      1.1967  0.00923198
         878     1.06215     1.19654  0.00922274
         879     1.06309     1.19639  0.00921349
         880     1.06403     1.19624  0.00920425
         881     1.06496     1.19609  0.00919501
         882     1.06587     1.19594  0.00918577
         883     1.06677      1.1958  0.00917653
         884     1.06766     1.19565   0.0091673
         885     1.06854     1.19551  0.00915806
         886      1.0694     1.19537  0.00914883
         887     1.07024     1.19523  0.00913961
         888     1.07107     1.19509  0.00913038
         889     1.07188     1.19495  0.00912116
         890     1.07267     1.19481  0.00911195
         891     1.07345     1.19467  0.00910274
         892      1.0742     1.19454  0.00909354
         893     1.07494      1.1944  0.00908434
         894     1.07565     1.19427  0.00907515
         895     1.07634     1.19414  0.00906597
         896     1.07701     1.19401  0.00905679
         897     1.07766     1.19388  0.00904762
         898     1.07828     1.19375  0.00903846
         899     1.07887     1.19362  0.00902931
         900     1.07945      1.1935  0.00902017
         901     1.07999     1.19337  0.00901104
         902     1.08051     1.19325  0.00900192
         903       1.081     1.19312  0.00899281
         904     1.08146       1.193  0.00898371
         905     1.08189     1.19287  0.00897462
         906     1.08229     1.19275  0.00896555
         907     1.08266     1.19263  0.00895648
         908     1.08299     1.19251  0.00894743
         909      1.0833     1.19239   0.0089384
         910     1.08357     1.19227  0.00892937
         911     1.08381     1.19215  0.00892037
         912     1.08401     1.19203  0.00891137
         913     1.08418     1.19192  0.00890239
         914     1.08432      1.1918  0.00889343
         915     1.08442     1.19168  0.00888449
         916     1.08448     1.19156  0.00887556
         917      1.0845     1.19145  0.00886665
         918     1.08449     1.19133  0.00885775
         919     1.08445     1.19121  0.00884888
         920     1.08436      1.1911  0.00884002
         921     1.08424     1.19098  0.00883119
         922     1.08408     1.19087  0.00882237
         923     1.08388     1.19075  0.00881357
         924     1.08364     1.19063   0.0088048
         925     1.08337     1.19052  0.00879604
         926     1.08305      1.1904  0.00878731
         927      1.0827     1.19029   0.0087786
         928     1.08231     1.19017  0.00876991
         929     1.08188     1.19005  0.00876124
         930     1.08141     1.18994   0.0087526
         931     1.08091     1.18982  0.00874398
         932     1.08037      1.1897  0.00873539
         933     1.07979     1.18958  0.00872682
         934     1.07917     1.18947  0.00871828
         935     1.07852     1.18935  0.00870976
         936     1.07783     1.18923  0.00870127
         937     1.07711     1.18911  0.00869281
         938     1.07635     1.18899  0.00868437
         939     1.07556     1.18887  0.00867596
         940     1.07474     1.18875  0.00866758
         941     1.07388     1.18862  0.00865923
         942       1.073      1.1885  0.00865091
         943     1.07209     1.18838  0.00864261
         944     1.07114     1.18825  0.00863435
         945     1.07017     1.18813  0.00862612
         946     1.06918       1.188  0.00861792
         947     1.06816     1.18788  0.00860975
         948     1.06711     1.18775  0.00860161
         949     1.06605     1.18762   0.0085935
         950     1.06496     1.18749  0.00858542
         951     1.06385     1.18736  0.00857738
         952     1.06273     1.18723  0.00856937
         953     1.06159      1.1871  0.00856139
         954     1.06043     1.18697  0.00855345
         955     1.05926     1.18683  0.00854553
         956     1.05809      1.1867  0.00853766
         957      1.0569     1.18656  0.00852981
         958      1.0557     1.18642    0.008522
         959      1.0545     1.18629  0.00851423
         960     1.05329     1.18615  0.00850648
         961     1.05208     1.18601  0.00849878
         962     1.05087     1.18587   0.0084911
         963     1.04966     1.18573  0.00848346
         964     1.04845     1.18558  0.00847586
         965     1.04725     1.18544  0.00846829
         966     1.04605      1.1853  0.00846075
         967     1.04487     1.18515  0.00845325
         968     1.04369     1.18501  0.00844578
         969     1.04252     1.18486  0.00843834
         970     1.04137     1.18471  0.00843094
         971     1.04024     1.18456  0.00842357
         972     1.03912     1.18441  0.00841623
         973     1.03802     1.18426  0.00840893
         974     1.03694     1.18411  0.00840165
         975     1.03589     1.18396  0.00839441
         976     1.03486     1.18381   0.0083872
         977     1.03385     1.18365  0.00838002
         978     1.03288      1.1835  0.00837287
         979     1.03193     1.18334  0.00836575
         980     1.03102     1.18319  0.00835866
         981     1.03014     1.18303  0.00835159
         982     1.02929     1.18288  0.00834455
         983     1.02848     1.18272  0.00833754
         984      1.0277     1.18256  0.00833056
         985     1.02696      1.1824   0.0083236
         986     1.02626     1.18224  0.00831666
         987      1.0256     1.18209  0.00830975
         988     1.02499     1.18193  0.00830286
         989     1.02441     1.18177  0.00829599
         990     1.02387     1.18161  0.00828915
         991     1.02338     1.18145  0.00828232
         992     1.02293     1.18129  0.00827551
         993     1.02253     1.18113  0.00826872
         994     1.02217     1.18097  0.00826195
         995     1.02185     1.18081  0.00825519
         996     1.02158     1.18065  0.00824845
         997     1.02134     1.18049  0.00824173
         998     1.02116     1.18033  0.00823502
         999     1.02101     1.18017  0.00822832
        1000     1.02091     1.18001  0.00822163
        1001     1.02085     1.17985  0.00821495
        1002     1.02083     1.17969  0.00820829
        1003     1.02085     1.17953  0.00820163
        1004     1.02092     1.17938  0.00819498
        1005     1.02101     1.17922  0.00818834
        1006     1.02115     1.17906  0.00818171
        1007     1.02132     1.17891  0.00817509
        1008     1.02153     1.17875  0.00816847
        1009     1.02177     1.17859  0.00816185
        1010     1.02204     1.17844  0.00815524
        1011     1.02234     1.17828  0.00814864
        1012     1.02268     1.17813  0.00814204
        1013     1.02304     1.17798  0.00813544
        1014     1.02343     1.17782  0.00812884
        1015     1.02384     1.17767  0.00812225
        1016     1.02428     1.17752  0.00811566
        1017     1.02475     1.17737  0.00810907
        1018     1.02523     1.17722  0.00810248
        1019     1.02574     1.17707  0.00809589
        1020     1.02626     1.17693  0.00808931
        1021     1.02681     1.17678  0.00808272
        1022     1.02737     1.17663  0.00807613
        1023     1.02795     1.17649  0.00806954
        1024     1.02854     1.17634  0.00806296
        1025     1.02915      1.1762  0.00805637
        1026     1.02978     1.17606  0.00804978
        1027     1.03041     1.17591  0.00804319
        1028     1.03106     1.17577   0.0080366
        1029     1.03172     1.17563  0.00803001
        1030      1.0324     1.17549  0.00802342
        1031     1.03308     1.17536  0.00801683
        1032     1.03377     1.17522  0.00801023
        1033     1.03447     1.17508  0.00800364
        1034     1.03518     1.17495  0.00799704
        1035      1.0359     1.17481  0.00799044
        1036     1.03662     1.17468  0.00798384
        1037     1.03735     1.17455  0.00797724
        1038     1.03809     1.17442  0.00797064
        1039     1.03883     1.17429  0.00796404
        1040     1.03958     1.17416  0.00795743
        1041     1.04033     1.17403  0.00795083
        1042      1.0411      1.1739  0.00794422
        1043     1.04186     1.17377  0.00793761
        1044     1.04263     1.17365    0.007931
        1045     1.04341     1.17352  0.00792439
        1046     1.04419      1.1734  0.00791778
        1047     1.04498     1.17328  0.00791117
        1048     1.04578     1.17316  0.00790455
        1049     1.04658     1.17303  0.00789794
        1050     1.04738     1.17292  0.00789132
        1051     1.04819      1.1728  0.00788471
        1052     1.04901     1.17268  0.00787809
        1053     1.04983     1.17256  0.00787147
        1054     1.05066     1.17245  0.00786486
        1055      1.0515     1.17233  0.00785824
        1056     1.05234     1.17222  0.00785162
        1057     1.05319     1.17211    0.007845
        1058     1.05405     1.17199  0.00783837
        1059     1.05491     1.17188  0.00783175
        1060     1.05579     1.17177  0.00782513
        1061     1.05667     1.17167  0.00781851
        1062     1.05756     1.17156  0.00781188
        1063     1.05847     1.17145  0.00780526
        1064     1.05938     1.17135  0.00779863
        1065     1.06031     1.17124  0.00779201
        1066     1.06125     1.17114  0.00778538
        1067      1.0622     1.17104  0.00777875
        1068     1.06316     1.17094  0.00777213
        1069     1.06414     1.17084   0.0077655
        1070     1.06513     1.17074  0.00775887
        1071     1.06614     1.17064  0.00775224
        1072     1.06716     1.17054  0.00774561
        1073      1.0682     1.17045  0.00773898
        1074     1.06926     1.17035  0.00773234
        1075     1.07033     1.17026  0.00772571
        1076     1.07142     1.17017  0.00771908
        1077     1.07254     1.17008  0.00771244
        1078     1.07366     1.16999  0.00770581
        1079     1.07481      1.1699  0.00769917
        1080     1.07598     1.16981  0.00769253
        1081     1.07717     1.16973  0.00768589
        1082     1.07838     1.16964  0.00767925
        1083     1.07961     1.16956  0.00767261
        1084     1.08086     1.16948  0.00766597
        1085     1.08213      1.1694  0.00765933
        1086     1.08342     1.16932  0.00765268
        1087     1.08473     1.16924  0.00764604
        1088     1.08606     1.16916  0.00763939
        1089     1.08742     1.16909  0.00763275
        1090     1.08878     1.16902   0.0076261
        1091     1.09017     1.16894  0.00761945
        1092     1.09158     1.16887   0.0076128
        1093       1.093      1.1688  0.00760616
        1094     1.09444     1.16873  0.00759951
        1095      1.0959     1.16867  0.00759286
        1096     1.09737      1.1686  0.00758621
        1097     1.09885     1.16854  0.00757956
        1098     1.10034     1.16848  0.00757291
        1099     1.10185     1.16842  0.00756626
        1100     1.10337     1.16836  0.00755962
        1101     1.10489      1.1683  0.00755297
        1102     1.10642     1.16824  0.00754632
        1103     1.10796     1.16819  0.00753968
        1104     1.10949     1.16814  0.00753304
        1105     1.11103     1.16808   0.0075264
        1106     1.11258     1.16803  0.00751976
        1107     1.11411     1.16799  0.00751313
        1108     1.11565     1.16794  0.00750649
        1109     1.11718     1.16789  0.00749986
        1110      1.1187     1.16785  0.00749324
        1111     1.12022     1.16781  0.00748662
        1112     1.12172     1.16776     0.00748
        1113     1.12321     1.16772  0.00747339
        1114     1.12469     1.16769  0.00746678
        1115     1.12615     1.16765  0.00746017
        1116     1.12759     1.16761  0.00745357
        1117     1.12902     1.16758  0.00744698
        1118     1.13042     1.16754   0.0074404
        1119     1.13179     1.16751  0.00743381
        1120     1.13314     1.16748  0.00742724
        1121     1.13447     1.16745  0.00742067
        1122     1.13576     1.16742  0.00741411
        1123     1.13703      1.1674  0.00740756
        1124     1.13826     1.16737  0.00740102
        1125     1.13946     1.16735  0.00739448
        1126     1.14062     1.16732  0.00738795
        1127     1.14175      1.1673  0.00738143
        1128     1.14284     1.16728  0.00737492
        1129     1.14389     1.16726  0.00736841
        1130     1.14489     1.16724  0.00736192
        1131     1.14586     1.16722  0.00735544
        1132     1.14678      1.1672  0.00734896
        1133     1.14766     1.16718  0.00734249
        1134     1.14849     1.16717  0.00733604
        1135     1.14928     1.16715  0.00732959
        1136     1.15002     1.16714  0.00732315
        1137     1.15071     1.16712  0.00731673
        1138     1.15135     1.16711  0.00731031
        1139     1.15194     1.16709  0.00730391
        1140     1.15249     1.16708  0.00729751
        1141     1.15298     1.16707  0.00729112
        1142     1.15342     1.16706  0.00728475
        1143     1.15381     1.16705  0.00727839
        1144     1.15414     1.16703  0.00727203
        1145     1.15443     1.16702  0.00726569
        1146     1.15466     1.16701  0.00725936
        1147     1.15485       1.167  0.00725304
        1148     1.15498     1.16699  0.00724673
        1149     1.15506     1.16698  0.00724043
        1150     1.15508     1.16697  0.00723414
        1151     1.15506     1.16696  0.00722786
        1152     1.15498     1.16695  0.00722159
        1153     1.15485     1.16694  0.00721534
        1154     1.15468     1.16693  0.00720909
        1155     1.15445     1.16692  0.00720286
        1156     1.15417     1.16691  0.00719664
        1157     1.15385      1.1669  0.00719043
        1158     1.15348     1.16688  0.00718423
        1159     1.15306     1.16687  0.00717804
        1160      1.1526     1.16686  0.00717186
        1161      1.1521     1.16685  0.00716569
        1162     1.15155     1.16683  0.00715954
        1163     1.15096     1.16682   0.0071534
        1164     1.15033     1.16681  0.00714726
        1165     1.14966     1.16679  0.00714114
        1166     1.14896     1.16678  0.00713504
        1167     1.14822     1.16676  0.00712894
        1168     1.14745     1.16674  0.00712286
        1169     1.14665     1.16673  0.00711678
        1170     1.14582     1.16671  0.00711072
        1171     1.14496     1.16669  0.00710467
        1172     1.14408     1.16667  0.00709864
        1173     1.14318     1.16665  0.00709262
        1174     1.14226     1.16663   0.0070866
        1175     1.14133     1.16661  0.00708061
        1176     1.14037     1.16659  0.00707462
        1177     1.13941     1.16656  0.00706865
        1178     1.13844     1.16654  0.00706269
        1179     1.13747     1.16651  0.00705674
        1180     1.13649     1.16649   0.0070508
        1181     1.13551     1.16646  0.00704488
        1182     1.13454     1.16644  0.00703898
        1183     1.13357     1.16641  0.00703308
        1184     1.13262     1.16638   0.0070272
        1185     1.13168     1.16635  0.00702133
        1186     1.13076     1.16632  0.00701547
        1187     1.12986     1.16629  0.00700963
        1188     1.12898     1.16626   0.0070038
        1189     1.12813     1.16623  0.00699798
        1190     1.12732     1.16619  0.00699218
        1191     1.12654     1.16616  0.00698639
        1192      1.1258     1.16613  0.00698061
        1193      1.1251     1.16609  0.00697484
        1194     1.12445     1.16606  0.00696909
        1195     1.12385     1.16602  0.00696334
        1196      1.1233     1.16599  0.00695761
        1197     1.12281     1.16595  0.00695189
        1198     1.12237     1.16591  0.00694619
        1199     1.12199     1.16588  0.00694049
        1200     1.12168     1.16584   0.0069348
        1201     1.12143      1.1658  0.00692913
        1202     1.12125     1.16577  0.00692346
        1203     1.12113     1.16573  0.00691781
        1204     1.12109     1.16569  0.00691216
        1205     1.12111     1.16565  0.00690652
        1206      1.1212     1.16562   0.0069009
        1207     1.12136     1.16558  0.00689528
        1208      1.1216     1.16555  0.00688966
        1209      1.1219     1.16551  0.00688406
        1210     1.12227     1.16547  0.00687846
        1211     1.12271     1.16544  0.00687287
        1212     1.12321      1.1654  0.00686729
        1213     1.12377     1.16537  0.00686172
        1214      1.1244     1.16533  0.00685615
        1215     1.12508      1.1653  0.00685058
        1216     1.12582     1.16527  0.00684503
        1217     1.12661     1.16524  0.00683948
        1218     1.12744     1.16521  0.00683393
        1219     1.12832     1.16518  0.00682839
        1220     1.12924     1.16515  0.00682286
        1221      1.1302     1.16512  0.00681733
        1222     1.13119     1.16509  0.00681181
        1223      1.1322     1.16506  0.00680629
        1224     1.13323     1.16504  0.00680078
        1225     1.13428     1.16501  0.00679528
        1226     1.13534     1.16499  0.00678978
        1227      1.1364     1.16496  0.00678428
        1228     1.13747     1.16494  0.00677879
        1229     1.13853     1.16492  0.00677331
        1230     1.13958      1.1649  0.00676784
        1231     1.14062     1.16488  0.00676237
        1232     1.14164     1.16486  0.00675691
        1233     1.14264     1.16484  0.00675145
        1234     1.14361     1.16483    0.006746
        1235     1.14455     1.16481  0.00674056
        1236     1.14545     1.16479  0.00673512
        1237     1.14631     1.16478  0.00672969
        1238     1.14712     1.16477  0.00672427
        1239     1.14789     1.16475  0.00671886
        1240     1.14861     1.16474  0.00671345
        1241     1.14927     1.16473  0.00670806
        1242     1.14987     1.16471  0.00670267
        1243     1.15041      1.1647  0.00669728
        1244     1.15089     1.16469  0.00669191
        1245      1.1513     1.16468  0.00668654
        1246     1.15164     1.16467  0.00668118
        1247     1.15191     1.16466  0.00667583
        1248     1.15211     1.16465  0.00667049
        1249     1.15223     1.16464  0.00666516
        1250     1.15228     1.16463  0.00665983
        1251     1.15225     1.16462  0.00665452
        1252     1.15214     1.16461  0.00664921
        1253     1.15195      1.1646  0.00664391
        1254     1.15168     1.16459  0.00663862
        1255     1.15133     1.16458  0.00663334
        1256      1.1509     1.16457  0.00662807
        1257     1.15038     1.16456   0.0066228
        1258     1.14978     1.16455  0.00661755
        1259      1.1491     1.16453  0.00661231
        1260     1.14833     1.16452  0.00660707
        1261     1.14748     1.16451  0.00660184
        1262     1.14654     1.16449  0.00659663
        1263     1.14552     1.16448  0.00659142
        1264     1.14442     1.16446  0.00658623
        1265     1.14323     1.16444  0.00658104
        1266     1.14196     1.16443  0.00657587
        1267     1.14061     1.16441   0.0065707
        1268     1.13918     1.16439  0.00656555
        1269     1.13767     1.16437  0.00656041
        1270     1.13608     1.16435  0.00655528
        1271     1.13441     1.16432  0.00655017
        1272     1.13267      1.1643  0.00654507
        1273     1.13085     1.16427  0.00653998
        1274     1.12896     1.16424   0.0065349
        1275       1.127     1.16421  0.00652984
        1276     1.12496     1.16418   0.0065248
        1277     1.12286     1.16415  0.00651977
        1278     1.12069     1.16412  0.00651476
        1279     1.11846     1.16408  0.00650976
        1280     1.11617     1.16404  0.00650478
        1281     1.11382       1.164  0.00649982
        1282     1.11141     1.16396  0.00649488
        1283     1.10895     1.16392  0.00648996
        1284     1.10644     1.16388  0.00648506
        1285     1.10388     1.16383  0.00648018
        1286     1.10128     1.16378  0.00647533
        1287     1.09865     1.16373  0.00647049
        1288     1.09597     1.16368  0.00646568
        1289     1.09326     1.16362   0.0064609
        1290     1.09053     1.16357  0.00645614
        1291     1.08777     1.16351   0.0064514
        1292     1.08499     1.16345   0.0064467
        1293     1.08219     1.16338  0.00644202
        1294     1.07939     1.16332  0.00643737
        1295     1.07657     1.16325  0.00643274
        1296     1.07376     1.16318  0.00642815
        1297     1.07095     1.16311  0.00642359
        1298     1.06815     1.16304  0.00641906
        1299     1.06535     1.16296  0.00641455
        1300     1.06258     1.16289  0.00641008
        1301     1.05983     1.16281  0.00640565
        1302     1.05711     1.16273  0.00640124
        1303     1.05442     1.16264  0.00639687
        1304     1.05177     1.16256  0.00639253
        1305     1.04916     1.16247  0.00638822
        1306     1.04659     1.16238  0.00638394
        1307     1.04408     1.16229   0.0063797
        1308     1.04163      1.1622  0.00637549
        1309     1.03924      1.1621  0.00637131
        1310     1.03692     1.16201  0.00636717
        1311     1.03466     1.16191  0.00636305
        1312     1.03248     1.16181  0.00635896
        1313     1.03038     1.16171  0.00635491
        1314     1.02836     1.16161  0.00635088
        1315     1.02643     1.16151  0.00634689
        1316     1.02458      1.1614  0.00634292
        1317     1.02282      1.1613  0.00633897
        1318     1.02116     1.16119  0.00633505
        1319      1.0196     1.16109  0.00633116
        1320     1.01813     1.16098  0.00632729
        1321     1.01677     1.16087  0.00632344
        1322      1.0155     1.16076  0.00631962
        1323     1.01434     1.16065  0.00631581
        1324     1.01328     1.16054  0.00631202
        1325     1.01232     1.16042  0.00630825
        1326     1.01147     1.16031  0.00630449
        1327     1.01073      1.1602  0.00630075
        1328     1.01008     1.16009  0.00629701
        1329     1.00954     1.15997   0.0062933
        1330     1.00911     1.15986  0.00628959
        1331     1.00877     1.15975  0.00628588
        1332     1.00853     1.15963  0.00628219
        1333     1.00839     1.15952   0.0062785
        1334     1.00835     1.15941  0.00627482
        1335      1.0084     1.15929  0.00627114
        1336     1.00853     1.15918  0.00626746
        1337     1.00876     1.15907  0.00626378
        1338     1.00907     1.15896   0.0062601
        1339     1.00946     1.15884  0.00625642
        1340     1.00994     1.15873  0.00625274
        1341     1.01049     1.15862  0.00624905
        1342     1.01111     1.15851  0.00624537
        1343      1.0118      1.1584  0.00624167
        1344     1.01255     1.15829  0.00623797
        1345     1.01337     1.15819  0.00623426
        1346     1.01425     1.15808  0.00623055
        1347     1.01518     1.15797  0.00622682
        1348     1.01617     1.15787  0.00622309
        1349      1.0172     1.15776  0.00621935
        1350     1.01828     1.15766  0.00621561
        1351      1.0194     1.15756  0.00621185
        1352     1.02056     1.15746  0.00620808
        1353     1.02175     1.15736   0.0062043
        1354     1.02298     1.15726  0.00620051
        1355     1.02423     1.15716  0.00619671
        1356     1.02551     1.15706   0.0061929
        1357     1.02682     1.15697  0.00618908
        1358     1.02814     1.15687  0.00618525
        1359     1.02949     1.15678  0.00618141
        1360     1.03085     1.15669  0.00617756
        1361     1.03222     1.15659   0.0061737
        1362      1.0336      1.1565  0.00616983
        1363     1.03499     1.15641  0.00616594
        1364     1.03639     1.15633  0.00616205
        1365     1.03779     1.15624  0.00615815
        1366     1.03919     1.15615  0.00615424
        1367      1.0406     1.15607  0.00615032
        1368       1.042     1.15599  0.00614638
        1369      1.0434      1.1559  0.00614245
        1370      1.0448     1.15582   0.0061385
        1371     1.04619     1.15574  0.00613454
        1372     1.04758     1.15566  0.00613058
        1373     1.04896     1.15559   0.0061266
        1374     1.05032     1.15551  0.00612262
        1375     1.05168     1.15543  0.00611864
        1376     1.05302     1.15536  0.00611464
        1377     1.05435     1.15529  0.00611064
        1378     1.05567     1.15521  0.00610663
        1379     1.05697     1.15514  0.00610262
        1380     1.05826     1.15507   0.0060986
        1381     1.05953       1.155  0.00609458
        1382     1.06078     1.15494  0.00609055
        1383     1.06201     1.15487  0.00608652
        1384     1.06322      1.1548  0.00608248
        1385     1.06441     1.15474  0.00607844
        1386     1.06558     1.15467  0.00607439
        1387     1.06673     1.15461  0.00607035
        1388     1.06785     1.15455  0.00606629
        1389     1.06895     1.15448  0.00606224
        1390     1.07003     1.15442  0.00605818
        1391     1.07109     1.15436  0.00605412
        1392     1.07212      1.1543  0.00605006
        1393     1.07312     1.15425    0.006046
        1394      1.0741     1.15419  0.00604194
        1395     1.07505     1.15413  0.00603787
        1396     1.07597     1.15408  0.00603381
        1397     1.07687     1.15402  0.00602974
        1398     1.07774     1.15397  0.00602567
        1399     1.07858     1.15391  0.00602161
        1400     1.07939     1.15386  0.00601754
        1401     1.08017     1.15381  0.00601348
        1402     1.08092     1.15375  0.00600941
        1403     1.08164      1.1537  0.00600535
        1404     1.08234     1.15365  0.00600129
        1405       1.083      1.1536  0.00599723
        1406     1.08364     1.15355  0.00599317
        1407     1.08424      1.1535  0.00598911
        1408     1.08482     1.15345  0.00598505
        1409     1.08536     1.15341    0.005981
        1410     1.08588     1.15336  0.00597695
        1411     1.08636     1.15331   0.0059729
        1412     1.08682     1.15326  0.00596886
        1413     1.08724     1.15322  0.00596482
        1414     1.08764     1.15317  0.00596078
        1415     1.08801     1.15312  0.00595675
        1416     1.08835     1.15308  0.00595271
        1417     1.08866     1.15303  0.00594869
        1418     1.08894     1.15299  0.00594466
        1419      1.0892     1.15294  0.00594064
        1420     1.08943      1.1529  0.00593663
        1421     1.08963     1.15285  0.00593262
        1422      1.0898     1.15281  0.00592861
        1423     1.08995     1.15277  0.00592461
        1424     1.09007     1.15272  0.00592061
        1425     1.09017     1.15268  0.00591662
        1426     1.09024     1.15263  0.00591263
        1427     1.09029     1.15259  0.00590865
        1428     1.09031     1.15255  0.00590468
        1429     1.09031      1.1525   0.0059007
        1430     1.09029     1.15246  0.00589674
        1431     1.09024     1.15242  0.00589278
        1432     1.09017     1.15237  0.00588882
        1433     1.09007     1.15233  0.00588487
        1434     1.08995     1.15229  0.00588093
        1435     1.08981     1.15224  0.00587699
        1436     1.08964      1.1522  0.00587306
        1437     1.08946     1.15215  0.00586914
        1438     1.08925     1.15211  0.00586522
        1439     1.08901     1.15207  0.00586131
        1440     1.08876     1.15202   0.0058574
        1441     1.08848     1.15198   0.0058535
        1442     1.08818     1.15193  0.00584961
        1443     1.08786     1.15189  0.00584573
        1444     1.08752     1.15185  0.00584185
        1445     1.08715      1.1518  0.00583798
        1446     1.08676     1.15176  0.00583411
        1447     1.08635     1.15171  0.00583026
        1448     1.08591     1.15167  0.00582641
        1449     1.08546     1.15162  0.00582256
        1450     1.08498     1.15157  0.00581873
        1451     1.08447     1.15153   0.0058149
        1452     1.08395     1.15148  0.00581109
        1453      1.0834     1.15143  0.00580728
        1454     1.08282     1.15139  0.00580347
        1455     1.08223     1.15134  0.00579968
        1456     1.08161     1.15129  0.00579589
        1457     1.08096     1.15124  0.00579212
        1458      1.0803     1.15119  0.00578835
        1459     1.07961     1.15115  0.00578459
        1460      1.0789      1.1511  0.00578084
        1461     1.07816     1.15105   0.0057771
        1462     1.07741       1.151  0.00577337
        1463     1.07663     1.15094  0.00576964
        1464     1.07583     1.15089  0.00576593
        1465     1.07501     1.15084  0.00576223
        1466     1.07417     1.15079  0.00575853
        1467     1.07331     1.15074  0.00575485
        1468     1.07244     1.15068  0.00575118
        1469     1.07154     1.15063  0.00574751
        1470     1.07063     1.15058  0.00574386
        1471      1.0697     1.15052  0.00574022
        1472     1.06875     1.15046  0.00573659
        1473      1.0678     1.15041  0.00573297
        1474     1.06683     1.15035  0.00572936
        1475     1.06584     1.15029  0.00572576
        1476     1.06485     1.15024  0.00572218
        1477     1.06384     1.15018   0.0057186
        1478     1.06283     1.15012  0.00571504
        1479     1.06181     1.15006  0.00571149
        1480     1.06079        1.15  0.00570794
        1481     1.05976     1.14994  0.00570442
        1482     1.05872     1.14988   0.0057009
        1483     1.05769     1.14981  0.00569739
        1484     1.05665     1.14975   0.0056939
        1485     1.05561     1.14969  0.00569042
        1486     1.05458     1.14962  0.00568695
        1487     1.05355     1.14956  0.00568349
        1488     1.05252     1.14949  0.00568005
        1489      1.0515     1.14943  0.00567661
        1490     1.05048     1.14936  0.00567319
        1491     1.04948      1.1493  0.00566978
        1492     1.04848     1.14923  0.00566638
        1493      1.0475     1.14916    0.005663
        1494     1.04653     1.14909  0.00565962
        1495     1.04557     1.14902  0.00565626
        1496     1.04463     1.14895  0.00565291
        1497      1.0437     1.14888  0.00564957
        1498     1.04279     1.14881  0.00564625
        1499      1.0419     1.14874  0.00564293
        1500     1.04104     1.14867  0.00563962
        1501     1.04019      1.1486  0.00563633
        1502     1.03936     1.14852  0.00563305
        1503     1.03856     1.14845  0.00562977
        1504     1.03779     1.14838  0.00562651
        1505     1.03704      1.1483  0.00562326
        1506     1.03632     1.14823  0.00562002
        1507     1.03563     1.14815  0.00561678
        1508     1.03498     1.14808  0.00561356
        1509     1.03435       1.148  0.00561035
        1510     1.03376     1.14793  0.00560714
        1511      1.0332     1.14785  0.00560394
        1512     1.03267     1.14777  0.00560076
        1513     1.03219      1.1477  0.00559758
        1514     1.03174     1.14762   0.0055944
        1515     1.03133     1.14754  0.00559124
        1516     1.03097     1.14747  0.00558808
        1517     1.03064     1.14739  0.00558492
        1518     1.03036     1.14731  0.00558178
        1519     1.03013     1.14724  0.00557863
        1520     1.02994     1.14716   0.0055755
        1521      1.0298     1.14708  0.00557237
        1522      1.0297     1.14701  0.00556924
        1523     1.02966     1.14693  0.00556612
        1524     1.02966     1.14685    0.005563
        1525     1.02971     1.14677  0.00555988
        1526     1.02982      1.1467  0.00555676
        1527     1.02998     1.14662  0.00555365
        1528     1.03018     1.14654  0.00555054
        1529     1.03045     1.14647  0.00554743
        1530     1.03076     1.14639  0.00554432
        1531     1.03113     1.14632  0.00554121
        1532     1.03155     1.14624   0.0055381
        1533     1.03203     1.14617  0.00553498
        1534     1.03255     1.14609  0.00553187
        1535     1.03313     1.14602  0.00552876
        1536     1.03377     1.14595  0.00552564
        1537     1.03445     1.14588  0.00552252
        1538     1.03518      1.1458   0.0055194
        1539     1.03596     1.14573  0.00551627
        1540     1.03679     1.14566  0.00551315
        1541     1.03767     1.14559  0.00551001
        1542     1.03859     1.14552  0.00550688
        1543     1.03955     1.14545  0.00550374
        1544     1.04056     1.14539  0.00550059
        1545      1.0416     1.14532  0.00549744
        1546     1.04268     1.14525  0.00549429
        1547     1.04379     1.14519  0.00549113
        1548     1.04494     1.14512  0.00548796
        1549     1.04611     1.14506  0.00548479
        1550     1.04731     1.14499  0.00548161
        1551     1.04854     1.14493  0.00547843
        1552     1.04978     1.14487  0.00547525
        1553     1.05105     1.14481  0.00547205
        1554     1.05233     1.14475  0.00546886
        1555     1.05362     1.14469  0.00546565
        1556     1.05493     1.14463  0.00546244
        1557     1.05624     1.14458  0.00545923
        1558     1.05756     1.14452  0.00545601
        1559     1.05887     1.14447  0.00545279
        1560     1.06019     1.14441  0.00544956
        1561      1.0615     1.14436  0.00544633
        1562      1.0628     1.14431  0.00544309
        1563      1.0641     1.14426  0.00543985
        1564     1.06538     1.14421  0.00543661
        1565     1.06665     1.14416  0.00543336
        1566      1.0679     1.14411  0.00543011
        1567     1.06912     1.14406  0.00542685
        1568     1.07033     1.14401   0.0054236
        1569     1.07152     1.14397  0.00542034
        1570     1.07267     1.14392  0.00541708
        1571      1.0738     1.14388  0.00541381
        1572      1.0749     1.14383  0.00541054
        1573     1.07597     1.14379  0.00540728
        1574       1.077     1.14375  0.00540401
        1575       1.078     1.14371  0.00540074
        1576     1.07897     1.14366  0.00539747
        1577     1.07989     1.14362   0.0053942
        1578     1.08078     1.14358  0.00539093
        1579     1.08163     1.14354  0.00538765
        1580     1.08244     1.14351  0.00538438
        1581     1.08321     1.14347  0.00538111
        1582     1.08394     1.14343  0.00537784
        1583     1.08462     1.14339  0.00537457
        1584     1.08527     1.14336  0.00537131
        1585     1.08587     1.14332  0.00536804
        1586     1.08643     1.14328  0.00536477
        1587     1.08695     1.14325  0.00536151
        1588     1.08743     1.14321  0.00535825
        1589     1.08786     1.14318  0.00535499
        1590     1.08826     1.14314  0.00535173
        1591     1.08861     1.14311  0.00534848
        1592     1.08893     1.14308  0.00534523
        1593     1.08921     1.14304  0.00534198
        1594     1.08944     1.14301  0.00533874
        1595     1.08964     1.14298  0.00533549
        1596     1.08981     1.14294  0.00533225
        1597     1.08994     1.14291  0.00532902
        1598     1.09003     1.14288  0.00532579
        1599      1.0901     1.14284  0.00532256
        1600     1.09013     1.14281  0.00531933
        1601     1.09013     1.14278  0.00531611
        1602     1.09011     1.14274   0.0053129
        1603     1.09006     1.14271  0.00530968
        1604     1.08998     1.14268  0.00530647
        1605     1.08988     1.14265  0.00530327
        1606     1.08975     1.14261  0.00530007
        1607     1.08961     1.14258  0.00529688
        1608     1.08945     1.14255  0.00529368
        1609     1.08927     1.14251   0.0052905
        1610     1.08907     1.14248  0.00528732
        1611     1.08887     1.14245  0.00528414
        1612     1.08865     1.14241  0.00528097
        1613     1.08842     1.14238   0.0052778
        1614     1.08818     1.14235  0.00527463
        1615     1.08793     1.14231  0.00527148
        1616     1.08769     1.14228  0.00526832
        1617     1.08743     1.14224  0.00526517
        1618     1.08718     1.14221  0.00526203
        1619     1.08692     1.14218  0.00525889
        1620     1.08667     1.14214  0.00525576
        1621     1.08641     1.14211  0.00525263
        1622     1.08616     1.14207   0.0052495
        1623     1.08592     1.14204  0.00524638
        1624     1.08568       1.142  0.00524326
        1625     1.08545     1.14197  0.00524015
        1626     1.08522     1.14193  0.00523705
        1627     1.08501      1.1419  0.00523394
        1628      1.0848     1.14186  0.00523085
        1629     1.08461     1.14183  0.00522775
        1630     1.08443     1.14179  0.00522467
        1631     1.08426     1.14176  0.00522158
        1632      1.0841     1.14172   0.0052185
        1633     1.08395     1.14169  0.00521543
        1634     1.08382     1.14165  0.00521235
        1635      1.0837     1.14162  0.00520929
        1636      1.0836     1.14158  0.00520622
        1637     1.08351     1.14155  0.00520316
        1638     1.08343     1.14151  0.00520011
        1639     1.08337     1.14148  0.00519706
        1640     1.08332     1.14144  0.00519401
        1641     1.08328      1.1414  0.00519096
        1642     1.08326     1.14137  0.00518792
        1643     1.08324     1.14133  0.00518489
        1644     1.08324      1.1413  0.00518185
        1645     1.08326     1.14126  0.00517882
        1646     1.08328     1.14123   0.0051758
        1647     1.08331     1.14119  0.00517277
        1648     1.08335     1.14116  0.00516975
        1649     1.08341     1.14112  0.00516674
        1650     1.08347     1.14109  0.00516372
        1651     1.08353     1.14105  0.00516071
        1652     1.08361     1.14102  0.00515771
        1653     1.08369     1.14098   0.0051547
        1654     1.08377     1.14095   0.0051517
        1655     1.08386     1.14091  0.00514871
        1656     1.08395     1.14088  0.00514571
        1657     1.08405     1.14085  0.00514272
        1658     1.08414     1.14081  0.00513973
        1659     1.08423     1.14078  0.00513675
        1660     1.08432     1.14074  0.00513377
        1661     1.08441     1.14071  0.00513079
        1662     1.08449     1.14068  0.00512781
        1663     1.08457     1.14064  0.00512484
        1664     1.08465     1.14061  0.00512187
        1665     1.08471     1.14057   0.0051189
        1666     1.08477     1.14054  0.00511594
        1667     1.08482     1.14051  0.00511298
        1668     1.08487     1.14047  0.00511002
        1669      1.0849     1.14044  0.00510707
        1670     1.08492     1.14041  0.00510412
        1671     1.08493     1.14037  0.00510117
        1672     1.08492     1.14034  0.00509823
        1673     1.08491     1.14031  0.00509529
        1674     1.08488     1.14028  0.00509236
        1675     1.08483     1.14024  0.00508942
        1676     1.08477     1.14021  0.00508649
        1677     1.08469     1.14018  0.00508357
        1678      1.0846     1.14014  0.00508065
        1679     1.08449     1.14011  0.00507773
        1680     1.08437     1.14008  0.00507482
        1681     1.08423     1.14004  0.00507191
        1682     1.08407     1.14001    0.005069
        1683     1.08389     1.13998   0.0050661
        1684      1.0837     1.13994   0.0050632
        1685     1.08349     1.13991   0.0050603
        1686     1.08327     1.13988  0.00505741
        1687     1.08302     1.13984  0.00505453
        1688     1.08277     1.13981  0.00505165
        1689     1.08249     1.13977  0.00504877
        1690     1.08221     1.13974   0.0050459
        1691      1.0819     1.13971  0.00504303
        1692     1.08159     1.13967  0.00504017
        1693     1.08126     1.13964  0.00503731
        1694     1.08092      1.1396  0.00503445
        1695     1.08057     1.13957   0.0050316
        1696     1.08021     1.13953  0.00502876
        1697     1.07983      1.1395  0.00502592
        1698     1.07945     1.13946  0.00502308
        1699     1.07907     1.13943  0.00502025
        1700     1.07867     1.13939  0.00501743
        1701     1.07827     1.13936  0.00501461
        1702     1.07787     1.13932  0.00501179
        1703     1.07746     1.13928  0.00500898
        1704     1.07705     1.13925  0.00500617
        1705     1.07664     1.13921  0.00500337
        1706     1.07623     1.13917  0.00500057
        1707     1.07582     1.13914  0.00499778
        1708     1.07542      1.1391  0.00499499
        1709     1.07502     1.13906  0.00499221
        1710     1.07462     1.13902  0.00498944
        1711     1.07423     1.13899  0.00498666
        1712     1.07385     1.13895   0.0049839
        1713     1.07348     1.13891  0.00498113
        1714     1.07312     1.13887  0.00497837
        1715     1.07277     1.13883  0.00497562
        1716     1.07243     1.13879  0.00497287
        1717      1.0721     1.13875  0.00497013
        1718     1.07179     1.13872  0.00496739
        1719     1.07149     1.13868  0.00496465
        1720      1.0712     1.13864  0.00496192
        1721     1.07094      1.1386  0.00495919
        1722     1.07069     1.13856  0.00495647
        1723     1.07045     1.13852  0.00495375
        1724     1.07024     1.13848  0.00495104
        1725     1.07004     1.13844  0.00494832
        1726     1.06987      1.1384  0.00494562
        1727     1.06971     1.13836  0.00494291
        1728     1.06957     1.13832  0.00494021
        1729     1.06945     1.13828  0.00493752
        1730     1.06935     1.13824  0.00493482
        1731     1.06927      1.1382  0.00493213
        1732     1.06921     1.13816  0.00492945
        1733     1.06917     1.13812  0.00492676
        1734     1.06915     1.13808  0.00492408
        1735     1.06915     1.13804   0.0049214
        1736     1.06917       1.138  0.00491873
        1737     1.06921     1.13796  0.00491606
        1738     1.06927     1.13792  0.00491339
        1739     1.06935     1.13788  0.00491072
        1740     1.06944     1.13784  0.00490805
        1741     1.06955      1.1378  0.00490539
        1742     1.06967     1.13777  0.00490273
        1743     1.06982     1.13773  0.00490007
        1744     1.06997     1.13769  0.00489742
        1745     1.07014     1.13765  0.00489476
        1746     1.07033     1.13761  0.00489211
        1747     1.07052     1.13757  0.00488946
        1748     1.07073     1.13753  0.00488682
        1749     1.07095      1.1375  0.00488417
        1750     1.07118     1.13746  0.00488153
        1751     1.07142     1.13742  0.00487888
        1752     1.07167     1.13738  0.00487624
        1753     1.07193     1.13735  0.00487361
        1754     1.07219     1.13731  0.00487097
        1755     1.07246     1.13727  0.00486833
        1756     1.07274     1.13723   0.0048657
        1757     1.07302      1.1372  0.00486307
        1758      1.0733     1.13716  0.00486044
        1759     1.07359     1.13713  0.00485781
        1760     1.07387     1.13709  0.00485518
        1761     1.07416     1.13705  0.00485256
        1762     1.07445     1.13702  0.00484993
        1763     1.07474     1.13698  0.00484731
        1764     1.07503     1.13695  0.00484469
        1765     1.07531     1.13691  0.00484207
        1766     1.07559     1.13688  0.00483945
        1767     1.07587     1.13684  0.00483684
        1768     1.07615     1.13681  0.00483422
        1769     1.07642     1.13678  0.00483161
        1770     1.07669     1.13674    0.004829
        1771     1.07695     1.13671  0.00482639
        1772     1.07721     1.13667  0.00482378
        1773     1.07746     1.13664  0.00482118
        1774     1.07771     1.13661  0.00481858
        1775     1.07795     1.13657  0.00481597
        1776     1.07819     1.13654  0.00481337
        1777     1.07842     1.13651  0.00481078
        1778     1.07865     1.13648  0.00480818
        1779     1.07887     1.13644  0.00480559
        1780     1.07908     1.13641    0.004803
        1781     1.07929     1.13638  0.00480041
        1782      1.0795     1.13635  0.00479782
        1783      1.0797     1.13632  0.00479523
        1784      1.0799     1.13628  0.00479265
        1785     1.08009     1.13625  0.00479007
        1786     1.08029     1.13622  0.00478749
        1787     1.08048     1.13619  0.00478491
        1788     1.08066     1.13616  0.00478234
        1789     1.08085     1.13613  0.00477976
        1790     1.08103      1.1361  0.00477719
        1791     1.08122     1.13607  0.00477462
        1792      1.0814     1.13604  0.00477205
        1793     1.08158     1.13601  0.00476949
        1794     1.08177     1.13598  0.00476693
        1795     1.08196     1.13595  0.00476437
        1796     1.08214     1.13592  0.00476181
        1797     1.08234     1.13589  0.00475925
        1798     1.08253     1.13586   0.0047567
        1799     1.08273     1.13583  0.00475414
        1800     1.08293      1.1358  0.00475159
