#     BLOCK:   ACTUAL_T:     T_AVE:       ERROR:
           1       0.955       0.955           0
           2       0.955       0.955 7.45058e-09
           3       0.955       0.955 1.72064e-08
           4       0.955       0.955 2.73752e-08
           5       0.955       0.955 3.97054e-08
           6       0.955       0.955 5.50873e-08
           7    0.955001       0.955 7.15743e-08
           8    0.955001       0.955 8.95621e-08
           9    0.955001       0.955 1.08766e-07
          10    0.955001       0.955 1.29005e-07
          11    0.955002    0.955001 1.50494e-07
          12    0.955002    0.955001 1.72895e-07
          13    0.955002    0.955001 1.96342e-07
          14    0.955003    0.955001 2.20751e-07
          15    0.955003    0.955001 2.46042e-07
          16    0.955003    0.955001 2.72265e-07
          17    0.955004    0.955001 2.99313e-07
          18    0.955004    0.955002 3.27214e-07
          19    0.955005    0.955002 3.55933e-07
          20    0.955005    0.955002 3.85405e-07
          21    0.955006    0.955002 4.15665e-07
          22    0.955007    0.955002 4.46668e-07
          23    0.955007    0.955003 4.78409e-07
          24    0.955008    0.955003 5.10854e-07
          25    0.955009    0.955003 5.43996e-07
          26    0.955009    0.955003 5.77822e-07
          27     0.95501    0.955003 6.12322e-07
          28    0.955011    0.955004 6.47478e-07
          29    0.955012    0.955004 6.83275e-07
          30    0.955013    0.955004 7.19697e-07
          31    0.955014    0.955005 7.56753e-07
          32    0.955015    0.955005 7.94418e-07
          33    0.955016    0.955005 8.32679e-07
          34    0.955017    0.955006 8.71536e-07
          35    0.955018    0.955006 9.10973e-07
          36    0.955019    0.955006 9.50988e-07
          37     0.95502    0.955007 9.91565e-07
          38    0.955021    0.955007  1.0327e-06
          39    0.955022    0.955007 1.07439e-06
          40    0.955023    0.955008 1.11662e-06
          41    0.955024    0.955008 1.15939e-06
          42    0.955025    0.955009 1.20269e-06
          43    0.955027    0.955009 1.24651e-06
          44    0.955028    0.955009 1.29085e-06
          45    0.955029     0.95501 1.33571e-06
          46    0.955031     0.95501 1.38106e-06
          47    0.955032    0.955011 1.42692e-06
          48    0.955033    0.955011 1.47327e-06
          49    0.955035    0.955012 1.52011e-06
          50    0.955036    0.955012 1.56744e-06
          51    0.955038    0.955013 1.61524e-06
          52    0.955039    0.955013 1.66352e-06
          53    0.955041    0.955014 1.71228e-06
          54    0.955043    0.955014 1.76149e-06
          55    0.955044    0.955015 1.81117e-06
          56    0.955046    0.955015 1.86131e-06
          57    0.955048    0.955016  1.9119e-06
          58    0.955049    0.955017 1.96294e-06
          59    0.955051    0.955017 2.01443e-06
          60    0.955053    0.955018 2.06636e-06
          61    0.955055    0.955018 2.11872e-06
          62    0.955056    0.955019 2.17153e-06
          63    0.955058     0.95502 2.22476e-06
          64     0.95506     0.95502 2.27842e-06
          65    0.955062    0.955021 2.33251e-06
          66    0.955064    0.955022 2.38702e-06
          67    0.955066    0.955022 2.44194e-06
          68    0.955068    0.955023 2.49729e-06
          69     0.95507    0.955024 2.55304e-06
          70    0.955072    0.955024 2.60921e-06
          71    0.955074    0.955025 2.66578e-06
          72    0.955076    0.955026 2.72276e-06
          73    0.955079    0.955026 2.78014e-06
          74    0.955081    0.955027 2.83792e-06
          75    0.955083    0.955028  2.8961e-06
          76    0.955085    0.955029 2.95467e-06
          77    0.955087    0.955029 3.01363e-06
          78     0.95509     0.95503 3.07298e-06
          79    0.955092    0.955031 3.13272e-06
          80    0.955095    0.955032 3.19284e-06
          81    0.955097    0.955033 3.25334e-06
          82    0.955099    0.955033 3.31423e-06
          83    0.955102    0.955034 3.37549e-06
          84    0.955104    0.955035 3.43713e-06
          85    0.955107    0.955036 3.49914e-06
          86    0.955109    0.955037 3.56153e-06
          87    0.955112    0.955038 3.62428e-06
          88    0.955115    0.955038 3.68741e-06
          89    0.955117    0.955039  3.7509e-06
          90     0.95512     0.95504 3.81475e-06
          91    0.955123    0.955041 3.87897e-06
          92    0.955125    0.955042 3.94355e-06
          93    0.955128    0.955043 4.00848e-06
          94    0.955131    0.955044 4.07378e-06
          95    0.955134    0.955045 4.13943e-06
          96    0.955137    0.955046 4.20543e-06
          97     0.95514    0.955047 4.27179e-06
          98    0.955143    0.955048  4.3385e-06
          99    0.955145    0.955049 4.40555e-06
         100    0.955148     0.95505 4.47296e-06
         101    0.955151    0.955051 4.54071e-06
         102    0.955155    0.955052 4.60881e-06
         103    0.955158    0.955053 4.67725e-06
         104    0.955161    0.955054 4.74603e-06
         105    0.955164    0.955055 4.81515e-06
         106    0.955167    0.955056 4.88462e-06
         107     0.95517    0.955057 4.95443e-06
         108    0.955173    0.955058 5.02459e-06
         109    0.955177    0.955059  5.0951e-06
         110     0.95518     0.95506 5.16594e-06
         111    0.955183    0.955061 5.23713e-06
         112    0.955187    0.955063 5.30866e-06
         113     0.95519    0.955064 5.38052e-06
         114    0.955194    0.955065 5.45272e-06
         115    0.955197    0.955066 5.52525e-06
         116    0.955201    0.955067 5.59811e-06
         117    0.955204    0.955068 5.67131e-06
         118    0.955208    0.955069 5.74483e-06
         119    0.955211    0.955071 5.81869e-06
         120    0.955215    0.955072 5.89287e-06
         121    0.955218    0.955073 5.96737e-06
         122    0.955222    0.955074  6.0422e-06
         123    0.955226    0.955075 6.11735e-06
         124     0.95523    0.955077 6.19283e-06
         125    0.955233    0.955078 6.26863e-06
         126    0.955237    0.955079 6.34475e-06
         127    0.955241    0.955081  6.4212e-06
         128    0.955245    0.955082 6.49797e-06
         129    0.955249    0.955083 6.57507e-06
         130    0.955253    0.955084 6.65248e-06
         131    0.955257    0.955086 6.73021e-06
         132    0.955261    0.955087 6.80826e-06
         133    0.955265    0.955088 6.88663e-06
         134    0.955269     0.95509 6.96531e-06
         135    0.955273    0.955091 7.04431e-06
         136    0.955277    0.955092 7.12362e-06
         137    0.955281    0.955094 7.20324e-06
         138    0.955285    0.955095 7.28317e-06
         139    0.955289    0.955097 7.36342e-06
         140    0.955294    0.955098 7.44397e-06
         141    0.955298    0.955099 7.52483e-06
         142    0.955302    0.955101   7.606e-06
         143    0.955306    0.955102 7.68748e-06
         144    0.955311    0.955104 7.76928e-06
         145    0.955315    0.955105  7.8514e-06
         146     0.95532    0.955107 7.93383e-06
         147    0.955324    0.955108 8.01659e-06
         148    0.955329     0.95511 8.09966e-06
         149    0.955333    0.955111 8.18306e-06
         150    0.955338    0.955113 8.26677e-06
         151    0.955342    0.955114  8.3508e-06
         152    0.955347    0.955116 8.43516e-06
         153    0.955352    0.955117 8.51983e-06
         154    0.955356    0.955119 8.60481e-06
         155    0.955361     0.95512 8.69012e-06
         156    0.955366    0.955122 8.77574e-06
         157    0.955371    0.955124 8.86168e-06
         158    0.955375    0.955125 8.94794e-06
         159     0.95538    0.955127 9.03451e-06
         160    0.955385    0.955128  9.1214e-06
         161     0.95539     0.95513 9.20861e-06
         162    0.955395    0.955132 9.29613e-06
         163      0.9554    0.955133 9.38398e-06
         164    0.955405    0.955135 9.47214e-06
         165     0.95541    0.955137 9.56061e-06
         166    0.955415    0.955138 9.64939e-06
         167     0.95542     0.95514 9.73848e-06
         168    0.955426    0.955142 9.82788e-06
         169    0.955431    0.955143  9.9176e-06
         170    0.955436    0.955145 1.00076e-05
         171    0.955441    0.955147  1.0098e-05
         172    0.955447    0.955149 1.01886e-05
         173    0.955452     0.95515 1.02796e-05
         174    0.955457    0.955152 1.03708e-05
         175    0.955463    0.955154 1.04624e-05
         176    0.955468    0.955156 1.05543e-05
         177    0.955474    0.955157 1.06465e-05
         178    0.955479    0.955159  1.0739e-05
         179    0.955485    0.955161 1.08317e-05
         180     0.95549    0.955163 1.09249e-05
         181    0.955496    0.955165 1.10183e-05
         182    0.955501    0.955167  1.1112e-05
         183    0.955507    0.955168  1.1206e-05
         184    0.955513     0.95517 1.13004e-05
         185    0.955519    0.955172  1.1395e-05
         186    0.955524    0.955174 1.14899e-05
         187     0.95553    0.955176 1.15852e-05
         188    0.955536    0.955178 1.16808e-05
         189    0.955542     0.95518 1.17766e-05
         190    0.955548    0.955182 1.18728e-05
         191    0.955554    0.955184 1.19693e-05
         192     0.95556    0.955186 1.20661e-05
         193    0.955566    0.955188 1.21632e-05
         194    0.955572     0.95519 1.22606e-05
         195    0.955578    0.955192 1.23583e-05
         196    0.955584    0.955194 1.24563e-05
         197     0.95559    0.955196 1.25546e-05
         198    0.955596    0.955198 1.26532e-05
         199    0.955603      0.9552 1.27522e-05
         200    0.955609    0.955202 1.28514e-05
         201    0.955615    0.955204 1.29509e-05
         202    0.955621    0.955206 1.30508e-05
         203    0.955628    0.955208  1.3151e-05
         204    0.955634     0.95521 1.32514e-05
         205    0.955641    0.955212 1.33522e-05
         206    0.955647    0.955214 1.34532e-05
         207    0.955654    0.955216 1.35546e-05
         208     0.95566    0.955218 1.36563e-05
         209    0.955667    0.955221 1.37583e-05
         210    0.955673    0.955223 1.38606e-05
         211     0.95568    0.955225 1.39631e-05
         212    0.955687    0.955227  1.4066e-05
         213    0.955693    0.955229 1.41692e-05
         214      0.9557    0.955232 1.42727e-05
         215    0.955707    0.955234 1.43765e-05
         216    0.955714    0.955236 1.44807e-05
         217    0.955721    0.955238 1.45851e-05
         218    0.955727     0.95524 1.46898e-05
         219    0.955734    0.955243 1.47949e-05
         220    0.955741    0.955245 1.49003e-05
         221    0.955748    0.955247 1.50059e-05
         222    0.955755     0.95525 1.51119e-05
         223    0.955762    0.955252 1.52182e-05
         224     0.95577    0.955254 1.53248e-05
         225    0.955777    0.955256 1.54317e-05
         226    0.955784    0.955259 1.55389e-05
         227    0.955791    0.955261 1.56464e-05
         228    0.955798    0.955263 1.57542e-05
         229    0.955806    0.955266 1.58623e-05
         230    0.955813    0.955268 1.59707e-05
         231     0.95582    0.955271 1.60795e-05
         232    0.955828    0.955273 1.61885e-05
         233    0.955835    0.955275 1.62979e-05
         234    0.955843    0.955278 1.64075e-05
         235     0.95585     0.95528 1.65175e-05
         236    0.955858    0.955283 1.66278e-05
         237    0.955865    0.955285 1.67384e-05
         238    0.955873    0.955288 1.68492e-05
         239    0.955881     0.95529 1.69604e-05
         240    0.955888    0.955293 1.70719e-05
         241    0.955896    0.955295 1.71838e-05
         242    0.955904    0.955298 1.72959e-05
         243    0.955912      0.9553 1.74083e-05
         244     0.95592    0.955303  1.7521e-05
         245    0.955927    0.955305 1.76341e-05
         246    0.955935    0.955308 1.77474e-05
         247    0.955943     0.95531 1.78611e-05
         248    0.955951    0.955313 1.79751e-05
         249    0.955959    0.955316 1.80893e-05
         250    0.955967    0.955318 1.82039e-05
         251    0.955976    0.955321 1.83188e-05
         252    0.955984    0.955323 1.84341e-05
         253    0.955992    0.955326 1.85496e-05
         254       0.956    0.955329 1.86654e-05
         255    0.956008    0.955331 1.87816e-05
         256    0.956017    0.955334  1.8898e-05
         257    0.956025    0.955337 1.90148e-05
         258    0.956033    0.955339 1.91319e-05
         259    0.956042    0.955342 1.92493e-05
         260     0.95605    0.955345  1.9367e-05
         261    0.956059    0.955348  1.9485e-05
         262    0.956067     0.95535 1.96033e-05
         263    0.956076    0.955353 1.97219e-05
         264    0.956085    0.955356 1.98408e-05
         265    0.956093    0.955359   1.996e-05
         266    0.956102    0.955361 2.00796e-05
         267    0.956111    0.955364 2.01994e-05
         268    0.956119    0.955367 2.03196e-05
         269    0.956128     0.95537 2.04401e-05
         270    0.956137    0.955373 2.05608e-05
         271    0.956146    0.955376 2.06819e-05
         272    0.956155    0.955379 2.08033e-05
         273    0.956164    0.955381  2.0925e-05
         274    0.956173    0.955384  2.1047e-05
         275    0.956182    0.955387 2.11693e-05
         276    0.956191     0.95539 2.12919e-05
         277      0.9562    0.955393 2.14148e-05
         278    0.956209    0.955396  2.1538e-05
         279    0.956218    0.955399 2.16615e-05
         280    0.956227    0.955402 2.17853e-05
         281    0.956237    0.955405 2.19094e-05
         282    0.956246    0.955408 2.20339e-05
         283    0.956255    0.955411 2.21586e-05
         284    0.956265    0.955414 2.22836e-05
         285    0.956274    0.955417 2.24089e-05
         286    0.956284     0.95542 2.25346e-05
         287    0.956293    0.955423 2.26605e-05
         288    0.956303    0.955426 2.27867e-05
         289    0.956312    0.955429 2.29133e-05
         290    0.956322    0.955432 2.30401e-05
         291    0.956331    0.955435 2.31673e-05
         292    0.956341    0.955438 2.32947e-05
         293    0.956351    0.955441 2.34225e-05
         294    0.956361    0.955445 2.35506e-05
         295     0.95637    0.955448  2.3679e-05
         296     0.95638    0.955451 2.38077e-05
         297     0.95639    0.955454 2.39367e-05
         298      0.9564    0.955457  2.4066e-05
         299     0.95641     0.95546 2.41956e-05
         300     0.95642    0.955464 2.43255e-05
         301     0.95643    0.955467 2.44557e-05
         302     0.95644     0.95547 2.45863e-05
         303     0.95645    0.955473 2.47171e-05
         304    0.956461    0.955476 2.48483e-05
         305    0.956471     0.95548 2.49797e-05
         306    0.956481    0.955483 2.51115e-05
         307    0.956491    0.955486 2.52436e-05
         308    0.956502     0.95549  2.5376e-05
         309    0.956512    0.955493 2.55087e-05
         310    0.956522    0.955496 2.56417e-05
         311    0.956533      0.9555  2.5775e-05
         312    0.956543    0.955503 2.59086e-05
         313    0.956554    0.955506 2.60425e-05
         314    0.956565     0.95551 2.61768e-05
         315    0.956575    0.955513 2.63113e-05
         316    0.956586    0.955516 2.64462e-05
         317    0.956596     0.95552 2.65813e-05
         318    0.956607    0.955523 2.67168e-05
         319    0.956618    0.955527 2.68526e-05
         320    0.956629     0.95553 2.69887e-05
         321     0.95664    0.955534 2.71251e-05
         322    0.956651    0.955537 2.72618e-05
         323    0.956662     0.95554 2.73988e-05
         324    0.956673    0.955544 2.75361e-05
         325    0.956684    0.955547 2.76737e-05
         326    0.956695    0.955551 2.78117e-05
         327    0.956706    0.955555 2.79499e-05
         328    0.956717    0.955558 2.80885e-05
         329    0.956728    0.955562 2.82273e-05
         330    0.956739    0.955565 2.83665e-05
         331    0.956751    0.955569  2.8506e-05
         332    0.956762    0.955572 2.86458e-05
         333    0.956773    0.955576 2.87859e-05
         334    0.956785     0.95558 2.89263e-05
         335    0.956796    0.955583  2.9067e-05
         336    0.956808    0.955587 2.92081e-05
         337    0.956819    0.955591 2.93494e-05
         338    0.956831    0.955594 2.94911e-05
         339    0.956842    0.955598 2.96331e-05
         340    0.956854    0.955602 2.97753e-05
         341    0.956866    0.955605 2.99179e-05
         342    0.956878    0.955609 3.00608e-05
         343    0.956889    0.955613 3.02041e-05
         344    0.956901    0.955617 3.03476e-05
         345    0.956913     0.95562 3.04914e-05
         346    0.956925    0.955624 3.06356e-05
         347    0.956937    0.955628   3.078e-05
         348    0.956949    0.955632 3.09248e-05
         349    0.956961    0.955635 3.10699e-05
         350    0.956973    0.955639 3.12153e-05
         351    0.956985    0.955643  3.1361e-05
         352    0.956997    0.955647  3.1507e-05
         353     0.95701    0.955651 3.16534e-05
         354    0.957022    0.955655    3.18e-05
         355    0.957034    0.955659  3.1947e-05
         356    0.957046    0.955662 3.20943e-05
         357    0.957059    0.955666 3.22418e-05
         358    0.957071     0.95567 3.23897e-05
         359    0.957084    0.955674  3.2538e-05
         360    0.957096    0.955678 3.26865e-05
         361    0.957109    0.955682 3.28353e-05
         362    0.957122    0.955686 3.29845e-05
         363    0.957134     0.95569  3.3134e-05
         364    0.957147    0.955694 3.32838e-05
         365     0.95716    0.955698 3.34339e-05
         366    0.957172    0.955702 3.35843e-05
         367    0.957185    0.955706 3.37351e-05
         368    0.957198     0.95571 3.38861e-05
         369    0.957211    0.955714 3.40375e-05
         370    0.957224    0.955718 3.41892e-05
         371    0.957237    0.955722 3.43413e-05
         372     0.95725    0.955727 3.44936e-05
         373    0.957263    0.955731 3.46463e-05
         374    0.957276    0.955735 3.47993e-05
         375     0.95729    0.955739 3.49526e-05
         376    0.957303    0.955743 3.51063e-05
         377    0.957316    0.955747 3.52603e-05
         378     0.95733    0.955751 3.54146e-05
         379    0.957343    0.955756 3.55692e-05
         380    0.957356     0.95576 3.57242e-05
         381     0.95737    0.955764 3.58795e-05
         382    0.957383    0.955768 3.60351e-05
         383    0.957397    0.955773  3.6191e-05
         384    0.957411    0.955777 3.63473e-05
         385    0.957424    0.955781 3.65039e-05
         386    0.957438    0.955785 3.66608e-05
         387    0.957452     0.95579 3.68181e-05
         388    0.957466    0.955794 3.69757e-05
         389     0.95748    0.955798 3.71336e-05
         390    0.957493    0.955803 3.72919e-05
         391    0.957507    0.955807 3.74505e-05
         392    0.957521    0.955811 3.76094e-05
         393    0.957535    0.955816 3.77686e-05
         394     0.95755     0.95582 3.79282e-05
         395    0.957564    0.955825 3.80881e-05
         396    0.957578    0.955829 3.82484e-05
         397    0.957592    0.955834  3.8409e-05
         398    0.957606    0.955838 3.85699e-05
         399    0.957621    0.955842 3.87311e-05
         400    0.957635    0.955847 3.88927e-05
         401     0.95765    0.955851 3.90547e-05
         402    0.957664    0.955856 3.92169e-05
         403    0.957679     0.95586 3.93795e-05
         404    0.957693    0.955865 3.95425e-05
         405    0.957708     0.95587 3.97058e-05
         406    0.957722    0.955874 3.98694e-05
         407    0.957737    0.955879 4.00333e-05
         408    0.957752    0.955883 4.01976e-05
         409    0.957767    0.955888 4.03623e-05
         410    0.957782    0.955893 4.05272e-05
         411    0.957797    0.955897 4.06925e-05
         412    0.957812    0.955902 4.08582e-05
         413    0.957827    0.955906 4.10242e-05
         414    0.957842    0.955911 4.11905e-05
         415    0.957857    0.955916 4.13572e-05
         416    0.957872    0.955921 4.15242e-05
         417    0.957887    0.955925 4.16916e-05
         418    0.957902     0.95593 4.18593e-05
         419    0.957918    0.955935 4.20274e-05
         420    0.957933    0.955939 4.21958e-05
         421    0.957949    0.955944 4.23645e-05
         422    0.957964    0.955949 4.25336e-05
         423    0.957979    0.955954 4.27031e-05
         424    0.957995    0.955959 4.28729e-05
         425    0.958011    0.955963  4.3043e-05
         426    0.958026    0.955968 4.32135e-05
         427    0.958042    0.955973 4.33843e-05
         428    0.958058    0.955978 4.35555e-05
         429    0.958074    0.955983 4.37271e-05
         430     0.95809    0.955988 4.38989e-05
         431    0.958105    0.955993 4.40712e-05
         432    0.958121    0.955998 4.42438e-05
         433    0.958137    0.956003 4.44167e-05
         434    0.958154    0.956008   4.459e-05
         435     0.95817    0.956013 4.47637e-05
         436    0.958186    0.956018 4.49377e-05
         437    0.958202    0.956023 4.51121e-05
         438    0.958218    0.956028 4.52868e-05
         439    0.958235    0.956033 4.54619e-05
         440    0.958251    0.956038 4.56374e-05
         441    0.958268    0.956043 4.58132e-05
         442    0.958284    0.956048 4.59893e-05
         443    0.958301    0.956053 4.61659e-05
         444    0.958317    0.956058 4.63427e-05
         445    0.958334    0.956063   4.652e-05
         446    0.958351    0.956068 4.66976e-05
         447    0.958367    0.956073 4.68756e-05
         448    0.958384    0.956078 4.70539e-05
         449    0.958401    0.956084 4.72327e-05
         450    0.958418    0.956089 4.74117e-05
         451    0.958435    0.956094 4.75912e-05
         452    0.958452    0.956099  4.7771e-05
         453    0.958469    0.956104 4.79512e-05
         454    0.958486     0.95611 4.81317e-05
         455    0.958504    0.956115 4.83126e-05
         456    0.958521     0.95612 4.84939e-05
         457    0.958538    0.956126 4.86755e-05
         458    0.958556    0.956131 4.88576e-05
         459    0.958573    0.956136   4.904e-05
         460     0.95859    0.956142 4.92227e-05
         461    0.958608    0.956147 4.94059e-05
         462    0.958626    0.956152 4.95894e-05
         463    0.958643    0.956158 4.97733e-05
         464    0.958661    0.956163 4.99575e-05
         465    0.958679    0.956168 5.01421e-05
         466    0.958696    0.956174 5.03271e-05
         467    0.958714    0.956179 5.05125e-05
         468    0.958732    0.956185 5.06983e-05
         469     0.95875     0.95619 5.08844e-05
         470    0.958768    0.956196 5.10709e-05
         471    0.958786    0.956201 5.12578e-05
         472    0.958804    0.956207 5.14451e-05
         473    0.958823    0.956212 5.16328e-05
         474    0.958841    0.956218 5.18208e-05
         475    0.958859    0.956223 5.20092e-05
         476    0.958878    0.956229  5.2198e-05
         477    0.958896    0.956235 5.23872e-05
         478    0.958914     0.95624 5.25767e-05
         479    0.958933    0.956246 5.27667e-05
         480    0.958952    0.956251  5.2957e-05
         481     0.95897    0.956257 5.31477e-05
         482    0.958989    0.956263 5.33388e-05
         483    0.959008    0.956268 5.35303e-05
         484    0.959027    0.956274 5.37222e-05
         485    0.959046     0.95628 5.39145e-05
         486    0.959064    0.956286 5.41072e-05
         487    0.959083    0.956291 5.43002e-05
         488    0.959103    0.956297 5.44937e-05
         489    0.959122    0.956303 5.46876e-05
         490    0.959141    0.956309 5.48818e-05
         491     0.95916    0.956314 5.50764e-05
         492    0.959179     0.95632 5.52715e-05
         493    0.959199    0.956326 5.54669e-05
         494    0.959218    0.956332 5.56627e-05
         495    0.959238    0.956338 5.58589e-05
         496    0.959257    0.956344 5.60556e-05
         497    0.959277     0.95635 5.62526e-05
         498    0.959296    0.956356   5.645e-05
         499    0.959316    0.956361 5.66478e-05
         500    0.959336    0.956367  5.6846e-05
         501    0.959356    0.956373 5.70447e-05
         502    0.959376    0.956379 5.72437e-05
         503    0.959396    0.956385 5.74431e-05
         504    0.959416    0.956391  5.7643e-05
         505    0.959436    0.956397 5.78432e-05
         506    0.959456    0.956403 5.80439e-05
         507    0.959476    0.956409 5.82449e-05
         508    0.959496    0.956416 5.84464e-05
         509    0.959517    0.956422 5.86482e-05
         510    0.959537    0.956428 5.88505e-05
         511    0.959558    0.956434 5.90532e-05
         512    0.959578     0.95644 5.92563e-05
         513    0.959599    0.956446 5.94598e-05
         514    0.959619    0.956452 5.96637e-05
         515     0.95964    0.956459 5.98681e-05
         516    0.959661    0.956465 6.00728e-05
         517    0.959682    0.956471  6.0278e-05
         518    0.959702    0.956477 6.04836e-05
         519    0.959723    0.956483 6.06896e-05
         520    0.959744     0.95649  6.0896e-05
         521    0.959765    0.956496 6.11028e-05
         522    0.959787    0.956502 6.13101e-05
         523    0.959808    0.956509 6.15178e-05
         524    0.959829    0.956515 6.17259e-05
         525     0.95985    0.956521 6.19344e-05
         526    0.959872    0.956528 6.21434e-05
         527    0.959893    0.956534 6.23527e-05
         528    0.959915     0.95654 6.25625e-05
         529    0.959936    0.956547 6.27727e-05
         530    0.959958    0.956553 6.29834e-05
         531     0.95998     0.95656 6.31945e-05
         532    0.960002    0.956566  6.3406e-05
         533    0.960023    0.956573 6.36179e-05
         534    0.960045    0.956579 6.38303e-05
         535    0.960067    0.956586 6.40431e-05
         536    0.960089    0.956592 6.42563e-05
         537    0.960112    0.956599   6.447e-05
         538    0.960134    0.956605 6.46841e-05
         539    0.960156    0.956612 6.48986e-05
         540    0.960178    0.956619 6.51136e-05
         541    0.960201    0.956625  6.5329e-05
         542    0.960223    0.956632 6.55449e-05
         543    0.960246    0.956639 6.57612e-05
         544    0.960268    0.956645 6.59779e-05
         545    0.960291    0.956652 6.61951e-05
         546    0.960314    0.956659 6.64127e-05
         547    0.960336    0.956665 6.66308e-05
         548    0.960359    0.956672 6.68493e-05
         549    0.960382    0.956679 6.70682e-05
         550    0.960405    0.956686 6.72876e-05
         551    0.960428    0.956692 6.75075e-05
         552    0.960451    0.956699 6.77278e-05
         553    0.960475    0.956706 6.79485e-05
         554    0.960498    0.956713 6.81697e-05
         555    0.960521     0.95672 6.83914e-05
         556    0.960545    0.956727 6.86135e-05
         557    0.960568    0.956734 6.88361e-05
         558    0.960592     0.95674 6.90591e-05
         559    0.960615    0.956747 6.92826e-05
         560    0.960639    0.956754 6.95066e-05
         561    0.960663    0.956761  6.9731e-05
         562    0.960687    0.956768 6.99558e-05
         563    0.960711    0.956775 7.01812e-05
         564    0.960735    0.956782  7.0407e-05
         565    0.960759    0.956789 7.06332e-05
         566    0.960783    0.956796 7.08599e-05
         567    0.960807    0.956803 7.10871e-05
         568    0.960831    0.956811 7.13148e-05
         569    0.960856    0.956818 7.15429e-05
         570     0.96088    0.956825 7.17715e-05
         571    0.960905    0.956832 7.20006e-05
         572    0.960929    0.956839 7.22301e-05
         573    0.960954    0.956846 7.24602e-05
         574    0.960978    0.956853 7.26906e-05
         575    0.961003    0.956861 7.29216e-05
         576    0.961028    0.956868 7.31531e-05
         577    0.961053    0.956875  7.3385e-05
         578    0.961078    0.956882 7.36174e-05
         579    0.961103     0.95689 7.38503e-05
         580    0.961128    0.956897 7.40836e-05
         581    0.961154    0.956904 7.43175e-05
         582    0.961179    0.956912 7.45518e-05
         583    0.961204    0.956919 7.47867e-05
         584     0.96123    0.956926  7.5022e-05
         585    0.961255    0.956934 7.52578e-05
         586    0.961281    0.956941  7.5494e-05
         587    0.961307    0.956949 7.57308e-05
         588    0.961332    0.956956 7.59681e-05
         589    0.961358    0.956964 7.62059e-05
         590    0.961384    0.956971 7.64441e-05
         591     0.96141    0.956979 7.66829e-05
         592    0.961436    0.956986 7.69221e-05
         593    0.961462    0.956994 7.71619e-05
         594    0.961489    0.957001 7.74021e-05
         595    0.961515    0.957009 7.76429e-05
         596    0.961541    0.957016 7.78841e-05
         597    0.961568    0.957024 7.81259e-05
         598    0.961594    0.957032 7.83681e-05
         599    0.961621    0.957039 7.86109e-05
         600    0.961648    0.957047 7.88542e-05
         601    0.961674    0.957055 7.90979e-05
         602    0.961701    0.957063 7.93422e-05
         603    0.961728     0.95707  7.9587e-05
         604    0.961755    0.957078 7.98323e-05
         605    0.961782    0.957086 8.00782e-05
         606    0.961809    0.957094 8.03245e-05
         607    0.961837    0.957101 8.05714e-05
         608    0.961864    0.957109 8.08187e-05
         609    0.961892    0.957117 8.10666e-05
         610    0.961919    0.957125 8.13151e-05
         611    0.961947    0.957133  8.1564e-05
         612    0.961974    0.957141 8.18134e-05
         613    0.962002    0.957149 8.20634e-05
         614     0.96203    0.957157 8.23139e-05
         615    0.962058    0.957165  8.2565e-05
         616    0.962086    0.957173 8.28165e-05
         617    0.962114    0.957181 8.30686e-05
         618    0.962142    0.957189 8.33213e-05
         619     0.96217    0.957197 8.35744e-05
         620    0.962199    0.957205 8.38281e-05
         621    0.962227    0.957213 8.40823e-05
         622    0.962256    0.957221 8.43371e-05
         623    0.962284    0.957229 8.45924e-05
         624    0.962313    0.957237 8.48482e-05
         625    0.962342    0.957245 8.51046e-05
         626     0.96237    0.957254 8.53615e-05
         627    0.962399    0.957262  8.5619e-05
         628    0.962428     0.95727  8.5877e-05
         629    0.962457    0.957278 8.61356e-05
         630    0.962487    0.957287 8.63947e-05
         631    0.962516    0.957295 8.66543e-05
         632    0.962545    0.957303 8.69145e-05
         633    0.962575    0.957311 8.71753e-05
         634    0.962604     0.95732 8.74366e-05
         635    0.962634    0.957328 8.76985e-05
         636    0.962664    0.957337 8.79609e-05
         637    0.962693    0.957345 8.82239e-05
         638    0.962723    0.957353 8.84874e-05
         639    0.962753    0.957362 8.87515e-05
         640    0.962783     0.95737 8.90162e-05
         641    0.962813    0.957379 8.92814e-05
         642    0.962844    0.957387 8.95472e-05
         643    0.962874    0.957396 8.98135e-05
         644    0.962904    0.957404 9.00805e-05
         645    0.962935    0.957413  9.0348e-05
         646    0.962965    0.957422  9.0616e-05
         647    0.962996     0.95743 9.08847e-05
         648    0.963027    0.957439 9.11539e-05
         649    0.963058    0.957447 9.14237e-05
         650    0.963089    0.957456  9.1694e-05
         651     0.96312    0.957465  9.1965e-05
         652    0.963151    0.957474 9.22365e-05
         653    0.963182    0.957482 9.25086e-05
         654    0.963213    0.957491 9.27813e-05
         655    0.963245      0.9575 9.30546e-05
         656    0.963276    0.957509 9.33284e-05
         657    0.963308    0.957518 9.36029e-05
         658     0.96334    0.957526 9.38779e-05
         659    0.963372    0.957535 9.41535e-05
         660    0.963403    0.957544 9.44298e-05
         661    0.963435    0.957553 9.47066e-05
         662    0.963467    0.957562  9.4984e-05
         663      0.9635    0.957571  9.5262e-05
         664    0.963532     0.95758 9.55406e-05
         665    0.963564    0.957589 9.58198e-05
         666    0.963597    0.957598 9.60996e-05
         667    0.963629    0.957607   9.638e-05
         668    0.963662    0.957616  9.6661e-05
         669    0.963695    0.957625 9.69427e-05
         670    0.963727    0.957634 9.72249e-05
         671     0.96376    0.957643 9.75077e-05
         672    0.963793    0.957652 9.77912e-05
         673    0.963827    0.957662 9.80753e-05
         674     0.96386    0.957671 9.83599e-05
         675    0.963893     0.95768 9.86452e-05
         676    0.963927    0.957689 9.89312e-05
         677     0.96396    0.957699 9.92177e-05
         678    0.963994    0.957708 9.95049e-05
         679    0.964028    0.957717 9.97926e-05
         680    0.964061    0.957727 0.000100081
         681    0.964095    0.957736  0.00010037
         682    0.964129    0.957745  0.00010066
         683    0.964163    0.957755  0.00010095
         684    0.964198    0.957764 0.000101241
         685    0.964232    0.957773 0.000101533
         686    0.964266    0.957783 0.000101825
         687    0.964301    0.957792 0.000102118
         688    0.964336    0.957802 0.000102411
         689     0.96437    0.957811 0.000102705
         690    0.964405    0.957821    0.000103
         691     0.96444    0.957831 0.000103295
         692    0.964475     0.95784 0.000103591
         693     0.96451     0.95785 0.000103888
         694    0.964546    0.957859 0.000104185
         695    0.964581    0.957869 0.000104483
         696    0.964616    0.957879 0.000104782
         697    0.964652    0.957889 0.000105081
         698    0.964688    0.957898 0.000105381
         699    0.964723    0.957908 0.000105682
         700    0.964759    0.957918 0.000105983
         701    0.964795    0.957928 0.000106285
         702    0.964831    0.957938 0.000106588
         703    0.964868    0.957947 0.000106891
         704    0.964904    0.957957 0.000107195
         705     0.96494    0.957967   0.0001075
         706    0.964977    0.957977 0.000107805
         707    0.965014    0.957987 0.000108111
         708     0.96505    0.957997 0.000108418
         709    0.965087    0.958007 0.000108725
         710    0.965124    0.958017 0.000109033
         711    0.965161    0.958027 0.000109342
         712    0.965199    0.958037 0.000109651
         713    0.965236    0.958047 0.000109961
         714    0.965273    0.958057 0.000110272
         715    0.965311    0.958068 0.000110583
         716    0.965348    0.958078 0.000110895
         717    0.965386    0.958088 0.000111208
         718    0.965424    0.958098 0.000111522
         719    0.965462    0.958108 0.000111836
         720      0.9655    0.958119 0.000112151
         721    0.965538    0.958129 0.000112466
         722    0.965577    0.958139 0.000112783
         723    0.965615     0.95815   0.0001131
         724    0.965654     0.95816 0.000113417
         725    0.965692     0.95817 0.000113736
         726    0.965731    0.958181 0.000114055
         727     0.96577    0.958191 0.000114375
         728    0.965809    0.958202 0.000114695
         729    0.965848    0.958212 0.000115016
         730    0.965887    0.958223 0.000115338
         731    0.965927    0.958233 0.000115661
         732    0.965966    0.958244 0.000115985
         733    0.966006    0.958254 0.000116309
         734    0.966045    0.958265 0.000116634
         735    0.966085    0.958276 0.000116959
         736    0.966125    0.958286 0.000117286
         737    0.966165    0.958297 0.000117613
         738    0.966205    0.958308  0.00011794
         739    0.966246    0.958318 0.000118269
         740    0.966286    0.958329 0.000118598
         741    0.966327     0.95834 0.000118928
         742    0.966367    0.958351 0.000119259
         743    0.966408    0.958362  0.00011959
         744    0.966449    0.958372 0.000119923
         745     0.96649    0.958383 0.000120256
         746    0.966531    0.958394 0.000120589
         747    0.966572    0.958405 0.000120924
         748    0.966614    0.958416 0.000121259
         749    0.966655    0.958427 0.000121595
         750    0.966697    0.958438 0.000121932
         751    0.966739    0.958449  0.00012227
         752    0.966781     0.95846 0.000122608
         753    0.966823    0.958471 0.000122947
         754    0.966865    0.958483 0.000123287
         755    0.966907    0.958494 0.000123627
         756    0.966949    0.958505 0.000123969
         757    0.966992    0.958516 0.000124311
         758    0.967035    0.958527 0.000124654
         759    0.967077    0.958539 0.000124998
         760     0.96712     0.95855 0.000125342
         761    0.967163    0.958561 0.000125687
         762    0.967207    0.958573 0.000126034
         763     0.96725    0.958584  0.00012638
         764    0.967293    0.958595 0.000126728
         765    0.967337    0.958607 0.000127077
         766     0.96738    0.958618 0.000127426
         767    0.967424     0.95863 0.000127776
         768    0.967468    0.958641 0.000128127
         769    0.967512    0.958653 0.000128478
         770    0.967557    0.958664 0.000128831
         771    0.967601    0.958676 0.000129184
         772    0.967645    0.958688 0.000129538
         773     0.96769    0.958699 0.000129893
         774    0.967735    0.958711 0.000130249
         775     0.96778    0.958723 0.000130605
         776    0.967825    0.958734 0.000130962
         777     0.96787    0.958746 0.000131321
         778    0.967915    0.958758  0.00013168
         779     0.96796     0.95877 0.000132039
         780    0.968006    0.958782   0.0001324
         781    0.968052    0.958793 0.000132761
         782    0.968097    0.958805 0.000133124
         783    0.968143    0.958817 0.000133487
         784    0.968189    0.958829 0.000133851
         785    0.968236    0.958841 0.000134216
         786    0.968282    0.958853 0.000134581
         787    0.968328    0.958865 0.000134948
         788    0.968375    0.958877 0.000135315
         789    0.968422    0.958889 0.000135683
         790    0.968469    0.958902 0.000136052
         791    0.968516    0.958914 0.000136422
         792    0.968563    0.958926 0.000136793
         793     0.96861    0.958938 0.000137164
         794    0.968658     0.95895 0.000137537
         795    0.968705    0.958963  0.00013791
         796    0.968753    0.958975 0.000138284
         797    0.968801    0.958987 0.000138659
         798    0.968849       0.959 0.000139035
         799    0.968897    0.959012 0.000139412
         800    0.968946    0.959024 0.000139789
         801    0.968994    0.959037 0.000140168
         802    0.969043    0.959049 0.000140547
         803    0.969092    0.959062 0.000140928
         804    0.969141    0.959074 0.000141309
         805     0.96919    0.959087 0.000141691
         806    0.969239    0.959099 0.000142074
         807    0.969288    0.959112 0.000142458
         808    0.969338    0.959125 0.000142842
         809    0.969387    0.959137 0.000143228
         810    0.969437     0.95915 0.000143614
         811    0.969487    0.959163 0.000144002
         812    0.969537    0.959176  0.00014439
         813    0.969587    0.959188 0.000144779
         814    0.969638    0.959201 0.000145169
         815    0.969688    0.959214  0.00014556
         816    0.969739    0.959227 0.000145952
         817     0.96979     0.95924 0.000146345
         818    0.969841    0.959253 0.000146739
         819    0.969892    0.959266 0.000147134
         820    0.969943    0.959279 0.000147529
         821    0.969995    0.959292 0.000147926
         822    0.970046    0.959305 0.000148323
         823    0.970098    0.959318 0.000148722
         824     0.97015    0.959331 0.000149121
         825    0.970202    0.959345 0.000149521
         826    0.970254    0.959358 0.000149923
         827    0.970307    0.959371 0.000150325
         828    0.970359    0.959384 0.000150728
         829    0.970412    0.959398 0.000151132
         830    0.970465    0.959411 0.000151537
         831    0.970518    0.959424 0.000151943
         832    0.970571    0.959438  0.00015235
         833    0.970625    0.959451 0.000152758
         834    0.970678    0.959465 0.000153167
         835    0.970732    0.959478 0.000153576
         836    0.970785    0.959492 0.000153987
         837    0.970839    0.959505 0.000154399
         838    0.970894    0.959519 0.000154812
         839    0.970948    0.959532 0.000155225
         840    0.971002    0.959546  0.00015564
         841    0.971057     0.95956 0.000156055
         842    0.971112    0.959573 0.000156472
         843    0.971167    0.959587  0.00015689
         844    0.971222    0.959601 0.000157308
         845    0.971277    0.959615 0.000157728
         846    0.971333    0.959629 0.000158148
         847    0.971388    0.959643  0.00015857
         848    0.971444    0.959656 0.000158992
         849      0.9715     0.95967 0.000159416
         850    0.971556    0.959684  0.00015984
         851    0.971612    0.959698 0.000160266
         852    0.971669    0.959712 0.000160692
         853    0.971725    0.959727  0.00016112
         854    0.971782    0.959741 0.000161549
         855    0.971839    0.959755 0.000161978
         856    0.971896    0.959769 0.000162409
         857    0.971953    0.959783  0.00016284
         858    0.972011    0.959797 0.000163273
         859    0.972068    0.959812 0.000163707
         860    0.972126    0.959826 0.000164141
         861    0.972184     0.95984 0.000164577
         862    0.972242    0.959855 0.000165014
         863    0.972301    0.959869 0.000165452
         864    0.972359    0.959884  0.00016589
         865    0.972418    0.959898  0.00016633
         866    0.972477    0.959913 0.000166771
         867    0.972536    0.959927 0.000167213
         868    0.972595    0.959942 0.000167656
         869    0.972654    0.959956   0.0001681
         870    0.972714    0.959971 0.000168545
         871    0.972774    0.959986 0.000168992
         872    0.972833    0.960001 0.000169439
         873    0.972894    0.960015 0.000169887
         874    0.972954     0.96003 0.000170337
         875    0.973014    0.960045 0.000170787
         876    0.973075     0.96006 0.000171239
         877    0.973136    0.960075 0.000171691
         878    0.973197     0.96009 0.000172145
         879    0.973258    0.960105   0.0001726
         880    0.973319     0.96012 0.000173056
         881    0.973381    0.960135 0.000173513
         882    0.973442     0.96015 0.000173971
         883    0.973504    0.960165  0.00017443
         884    0.973566     0.96018  0.00017489
         885    0.973629    0.960195 0.000175351
         886    0.973691    0.960211 0.000175814
         887    0.973754    0.960226 0.000176277
         888    0.973817    0.960241 0.000176742
         889     0.97388    0.960256 0.000177208
         890    0.973943    0.960272 0.000177675
         891    0.974006    0.960287 0.000178143
         892     0.97407    0.960303 0.000178612
         893    0.974134    0.960318 0.000179082
         894    0.974198    0.960334 0.000179553
         895    0.974262    0.960349 0.000180026
         896    0.974326    0.960365   0.0001805
         897    0.974391    0.960381 0.000180974
         898    0.974456    0.960396  0.00018145
         899     0.97452    0.960412 0.000181927
         900    0.974586    0.960428 0.000182406
         901    0.974651    0.960443 0.000182885
         902    0.974716    0.960459 0.000183366
         903    0.974782    0.960475 0.000183847
         904    0.974848    0.960491  0.00018433
         905    0.974914    0.960507 0.000184814
         906     0.97498    0.960523 0.000185299
         907    0.975047    0.960539 0.000185786
         908    0.975114    0.960555 0.000186273
         909    0.975181    0.960571 0.000186762
         910    0.975248    0.960587 0.000187252
         911    0.975315    0.960603 0.000187743
         912    0.975382     0.96062 0.000188235
         913     0.97545    0.960636 0.000188728
         914    0.975518    0.960652 0.000189223
         915    0.975586    0.960668 0.000189719
         916    0.975654    0.960685 0.000190216
         917    0.975723    0.960701 0.000190714
         918    0.975792    0.960718 0.000191213
         919    0.975861    0.960734 0.000191714
         920     0.97593    0.960751 0.000192216
         921    0.975999    0.960767 0.000192719
         922    0.976069    0.960784 0.000193223
         923    0.976138      0.9608 0.000193728
         924    0.976208    0.960817 0.000194235
         925    0.976278    0.960834 0.000194743
         926    0.976349    0.960851 0.000195252
         927    0.976419    0.960867 0.000195762
         928     0.97649    0.960884 0.000196274
         929    0.976561    0.960901 0.000196787
         930    0.976632    0.960918 0.000197301
         931    0.976704    0.960935 0.000197816
         932    0.976775    0.960952 0.000198333
         933    0.976847    0.960969 0.000198851
         934    0.976919    0.960986  0.00019937
         935    0.976992    0.961003  0.00019989
         936    0.977064     0.96102 0.000200412
         937    0.977137    0.961038 0.000200934
         938     0.97721    0.961055 0.000201458
         939    0.977283    0.961072 0.000201984
         940    0.977356    0.961089 0.000202511
         941     0.97743    0.961107 0.000203038
         942    0.977504    0.961124 0.000203568
         943    0.977578    0.961142 0.000204098
         944    0.977652    0.961159  0.00020463
         945    0.977726    0.961177 0.000205163
         946    0.977801    0.961194 0.000205698
         947    0.977876    0.961212 0.000206233
         948    0.977951    0.961229  0.00020677
         949    0.978027    0.961247 0.000207308
         950    0.978102    0.961265 0.000207848
         951    0.978178    0.961283 0.000208389
         952    0.978254    0.961301 0.000208931
         953     0.97833    0.961318 0.000209475
         954    0.978407    0.961336  0.00021002
         955    0.978484    0.961354 0.000210566
         956    0.978561    0.961372 0.000211113
         957    0.978638     0.96139 0.000211662
         958    0.978715    0.961408 0.000212213
         959    0.978793    0.961427 0.000212764
         960    0.978871    0.961445 0.000213317
         961    0.978949    0.961463 0.000213871
         962    0.979027    0.961481 0.000214427
         963    0.979106    0.961499 0.000214984
         964    0.979185    0.961518 0.000215542
         965    0.979264    0.961536 0.000216102
         966    0.979343    0.961555 0.000216663
         967    0.979422    0.961573 0.000217225
         968    0.979502    0.961592 0.000217789
         969    0.979582     0.96161 0.000218354
         970    0.979662    0.961629 0.000218921
         971    0.979743    0.961647 0.000219489
         972    0.979824    0.961666 0.000220058
         973    0.979905    0.961685 0.000220629
         974    0.979986    0.961704 0.000221201
         975    0.980067    0.961723 0.000221775
         976    0.980149    0.961741 0.000222349
         977    0.980231     0.96176 0.000222926
         978    0.980313    0.961779 0.000223504
         979    0.980396    0.961798 0.000224083
         980    0.980478    0.961817 0.000224663
         981    0.980561    0.961836 0.000225245
         982    0.980644    0.961856 0.000225829
         983    0.980728    0.961875 0.000226414
         984    0.980811    0.961894    0.000227
         985    0.980895    0.961913 0.000227588
         986     0.98098    0.961933 0.000228177
         987    0.981064    0.961952 0.000228767
         988    0.981149    0.961972  0.00022936
         989    0.981234    0.961991 0.000229953
         990    0.981319    0.962011 0.000230548
         991    0.981404     0.96203 0.000231144
         992     0.98149     0.96205 0.000231742
         993    0.981576    0.962069 0.000232342
         994    0.981662    0.962089 0.000232943
         995    0.981749    0.962109 0.000233545
         996    0.981835    0.962129 0.000234149
         997    0.981922    0.962148 0.000234754
         998     0.98201    0.962168 0.000235361
         999    0.982097    0.962188 0.000235969
        1000    0.982185    0.962208 0.000236579
        1001    0.982273    0.962228  0.00023719
        1002    0.982361    0.962248 0.000237803
        1003     0.98245    0.962269 0.000238417
        1004    0.982539    0.962289 0.000239033
        1005    0.982628    0.962309 0.000239651
        1006    0.982717    0.962329 0.000240269
        1007    0.982807     0.96235  0.00024089
        1008    0.982897     0.96237 0.000241512
        1009    0.982987     0.96239 0.000242135
        1010    0.983077    0.962411  0.00024276
        1011    0.983168    0.962431 0.000243387
        1012    0.983259    0.962452 0.000244015
        1013     0.98335    0.962473 0.000244645
        1014    0.983442    0.962493 0.000245276
        1015    0.983534    0.962514 0.000245908
        1016    0.983626    0.962535 0.000246543
        1017    0.983718    0.962556 0.000247179
        1018    0.983811    0.962577 0.000247816
        1019    0.983904    0.962598 0.000248455
        1020    0.983997    0.962619 0.000249096
        1021    0.984091     0.96264 0.000249738
        1022    0.984184    0.962661 0.000250382
        1023    0.984278    0.962682 0.000251027
        1024    0.984373    0.962703 0.000251674
        1025    0.984467    0.962724 0.000252323
        1026    0.984562    0.962745 0.000252973
        1027    0.984657    0.962767 0.000253625
        1028    0.984753    0.962788 0.000254278
        1029    0.984849     0.96281 0.000254933
        1030    0.984945    0.962831  0.00025559
        1031    0.985041    0.962853 0.000256248
        1032    0.985138    0.962874 0.000256908
        1033    0.985235    0.962896  0.00025757
        1034    0.985332    0.962918 0.000258233
        1035    0.985429    0.962939 0.000258898
        1036    0.985527    0.962961 0.000259565
        1037    0.985625    0.962983 0.000260233
        1038    0.985724    0.963005 0.000260903
        1039    0.985822    0.963027 0.000261574
        1040    0.985921    0.963049 0.000262247
        1041    0.986021    0.963071 0.000262922
        1042     0.98612    0.963093 0.000263599
        1043     0.98622    0.963115 0.000264277
        1044     0.98632    0.963137 0.000264957
        1045    0.986421     0.96316 0.000265639
        1046    0.986522    0.963182 0.000266322
        1047    0.986623    0.963204 0.000267007
        1048    0.986724    0.963227 0.000267694
        1049    0.986826    0.963249 0.000268382
        1050    0.986928    0.963272 0.000269072
        1051     0.98703    0.963295 0.000269764
        1052    0.987133    0.963317 0.000270458
        1053    0.987236     0.96334 0.000271153
        1054    0.987339    0.963363  0.00027185
        1055    0.987443    0.963386 0.000272549
        1056    0.987547    0.963408  0.00027325
        1057    0.987651    0.963431 0.000273952
        1058    0.987755    0.963454 0.000274656
        1059     0.98786    0.963477 0.000275362
        1060    0.987965      0.9635 0.000276069
        1061    0.988071    0.963524 0.000276779
        1062    0.988177    0.963547  0.00027749
        1063    0.988283     0.96357 0.000278203
        1064    0.988389    0.963593 0.000278918
        1065    0.988496    0.963617 0.000279634
        1066    0.988603     0.96364 0.000280353
        1067    0.988711    0.963664 0.000281073
        1068    0.988818    0.963687 0.000281795
        1069    0.988927    0.963711 0.000282518
        1070    0.989035    0.963735 0.000283244
        1071    0.989144    0.963758 0.000283971
        1072    0.989253    0.963782 0.000284701
        1073    0.989362    0.963806 0.000285432
        1074    0.989472     0.96383 0.000286164
        1075    0.989582    0.963854 0.000286899
        1076    0.989692    0.963878 0.000287636
        1077    0.989803    0.963902 0.000288374
        1078    0.989914    0.963926 0.000289114
        1079    0.990026     0.96395 0.000289857
        1080    0.990137    0.963974 0.000290601
        1081    0.990249    0.963999 0.000291347
        1082    0.990362    0.964023 0.000292094
        1083    0.990475    0.964048 0.000292844
        1084    0.990588    0.964072 0.000293596
        1085    0.990701    0.964097 0.000294349
        1086    0.990815    0.964121 0.000295104
        1087    0.990929    0.964146 0.000295862
        1088    0.991044    0.964171 0.000296621
        1089    0.991159    0.964195 0.000297382
        1090    0.991274     0.96422 0.000298145
        1091    0.991389    0.964245  0.00029891
        1092    0.991505     0.96427 0.000299677
        1093    0.991622    0.964295 0.000300446
        1094    0.991738     0.96432 0.000301216
        1095    0.991855    0.964345 0.000301989
        1096    0.991973    0.964371 0.000302764
        1097     0.99209    0.964396  0.00030354
        1098    0.992208    0.964421 0.000304319
        1099    0.992327    0.964447   0.0003051
        1100    0.992446    0.964472 0.000305882
        1101    0.992565    0.964497 0.000306667
        1102    0.992684    0.964523 0.000307453
        1103    0.992804    0.964549 0.000308242
        1104    0.992924    0.964574 0.000309032
        1105    0.993045      0.9646 0.000309825
        1106    0.993166    0.964626 0.000310619
        1107    0.993287    0.964652 0.000311416
        1108    0.993409    0.964678 0.000312215
        1109    0.993531    0.964704 0.000313015
        1110    0.993653     0.96473 0.000313818
        1111    0.993776    0.964756 0.000314623
        1112      0.9939    0.964782 0.000315429
        1113    0.994023    0.964809 0.000316238
        1114    0.994147    0.964835 0.000317049
        1115    0.994271    0.964861 0.000317862
        1116    0.994396    0.964888 0.000318677
        1117    0.994521    0.964914 0.000319494
        1118    0.994647    0.964941 0.000320313
        1119    0.994773    0.964968 0.000321134
        1120    0.994899    0.964994 0.000321958
        1121    0.995026    0.965021 0.000322783
        1122    0.995153    0.965048 0.000323611
        1123     0.99528    0.965075  0.00032444
        1124    0.995408    0.965102 0.000325272
        1125    0.995536    0.965129 0.000326106
        1126    0.995665    0.965156 0.000326942
        1127    0.995794    0.965183  0.00032778
        1128    0.995923     0.96521 0.000328621
        1129    0.996053    0.965238 0.000329463
        1130    0.996183    0.965265 0.000330308
        1131    0.996314    0.965293 0.000331154
        1132    0.996445     0.96532 0.000332003
        1133    0.996576    0.965348 0.000332854
        1134    0.996708    0.965375 0.000333708
        1135     0.99684    0.965403 0.000334563
        1136    0.996973    0.965431 0.000335421
        1137    0.997106    0.965459 0.000336281
        1138    0.997239    0.965487 0.000337143
        1139    0.997373    0.965515 0.000338007
        1140    0.997507    0.965543 0.000338874
        1141    0.997642    0.965571 0.000339742
        1142    0.997777    0.965599 0.000340613
        1143    0.997912    0.965627 0.000341487
        1144    0.998048    0.965656 0.000342362
        1145    0.998184    0.965684  0.00034324
        1146    0.998321    0.965713  0.00034412
        1147    0.998458    0.965741 0.000345002
        1148    0.998596     0.96577 0.000345886
        1149    0.998734    0.965798 0.000346773
        1150    0.998872    0.965827 0.000347662
        1151    0.999011    0.965856 0.000348553
        1152     0.99915    0.965885 0.000349447
        1153     0.99929    0.965914 0.000350343
        1154     0.99943    0.965943 0.000351241
        1155     0.99957    0.965972 0.000352141
        1156    0.999711    0.966001 0.000353044
        1157    0.999853     0.96603 0.000353949
        1158    0.999994     0.96606 0.000354857
        1159     1.00014    0.966089 0.000355767
        1160     1.00028    0.966119 0.000356679
        1161     1.00042    0.966148 0.000357593
        1162     1.00057    0.966178  0.00035851
        1163     1.00071    0.966208 0.000359429
        1164     1.00085    0.966237 0.000360351
        1165       1.001    0.966267 0.000361275
        1166     1.00114    0.966297 0.000362201
        1167     1.00129    0.966327  0.00036313
        1168     1.00144    0.966357 0.000364061
        1169     1.00158    0.966387 0.000364994
        1170     1.00173    0.966417  0.00036593
        1171     1.00188    0.966448 0.000366869
        1172     1.00203    0.966478 0.000367809
        1173     1.00217    0.966508 0.000368752
        1174     1.00232    0.966539 0.000369698
        1175     1.00247     0.96657 0.000370646
        1176     1.00262      0.9666 0.000371596
        1177     1.00277    0.966631 0.000372549
        1178     1.00292    0.966662 0.000373505
        1179     1.00307    0.966693 0.000374463
        1180     1.00322    0.966724 0.000375423
        1181     1.00338    0.966755 0.000376386
        1182     1.00353    0.966786 0.000377351
        1183     1.00368    0.966817 0.000378319
        1184     1.00384    0.966848 0.000379289
        1185     1.00399     0.96688 0.000380261
        1186     1.00414    0.966911 0.000381237
        1187      1.0043    0.966942 0.000382214
        1188     1.00445    0.966974 0.000383195
        1189     1.00461    0.967006 0.000384177
        1190     1.00476    0.967037 0.000385163
        1191     1.00492    0.967069 0.000386151
        1192     1.00508    0.967101 0.000387141
        1193     1.00524    0.967133 0.000388134
        1194     1.00539    0.967165 0.000389129
        1195     1.00555    0.967197 0.000390127
        1196     1.00571    0.967229 0.000391128
        1197     1.00587    0.967262 0.000392131
        1198     1.00603    0.967294 0.000393137
        1199     1.00619    0.967327 0.000394145
        1200     1.00635    0.967359 0.000395156
        1201     1.00651    0.967392 0.000396169
        1202     1.00667    0.967424 0.000397186
        1203     1.00684    0.967457 0.000398204
        1204       1.007     0.96749 0.000399226
        1205     1.00716    0.967523 0.000400249
        1206     1.00733    0.967556 0.000401276
        1207     1.00749    0.967589 0.000402305
        1208     1.00765    0.967622 0.000403337
        1209     1.00782    0.967655 0.000404371
        1210     1.00798    0.967689 0.000405408
        1211     1.00815    0.967722 0.000406448
        1212     1.00832    0.967756  0.00040749
        1213     1.00848    0.967789 0.000408535
        1214     1.00865    0.967823 0.000409583
        1215     1.00882    0.967857 0.000410633
        1216     1.00899     0.96789 0.000411686
        1217     1.00916    0.967924 0.000412742
        1218     1.00932    0.967958   0.0004138
        1219     1.00949    0.967992 0.000414861
        1220     1.00966    0.968027 0.000415925
        1221     1.00983    0.968061 0.000416991
        1222     1.01001    0.968095  0.00041806
        1223     1.01018     0.96813 0.000419132
        1224     1.01035    0.968164 0.000420207
        1225     1.01052    0.968199 0.000421284
        1226     1.01069    0.968233 0.000422364
        1227     1.01087    0.968268 0.000423446
        1228     1.01104    0.968303 0.000424532
        1229     1.01122    0.968338  0.00042562
        1230     1.01139    0.968373 0.000426711
        1231     1.01157    0.968408 0.000427804
        1232     1.01174    0.968443   0.0004289
        1233     1.01192    0.968478 0.000429999
        1234     1.01209    0.968514 0.000431101
        1235     1.01227    0.968549 0.000432206
        1236     1.01245    0.968585 0.000433313
        1237     1.01263     0.96862 0.000434423
        1238      1.0128    0.968656 0.000435535
        1239     1.01298    0.968692 0.000436651
        1240     1.01316    0.968727 0.000437769
        1241     1.01334    0.968763  0.00043889
        1242     1.01352    0.968799 0.000440014
        1243      1.0137    0.968836  0.00044114
        1244     1.01388    0.968872 0.000442269
        1245     1.01407    0.968908 0.000443401
        1246     1.01425    0.968945 0.000444536
        1247     1.01443    0.968981 0.000445674
        1248     1.01461    0.969018 0.000446814
        1249      1.0148    0.969054 0.000447957
        1250     1.01498    0.969091 0.000449103
        1251     1.01516    0.969128 0.000450251
        1252     1.01535    0.969165 0.000451403
        1253     1.01553    0.969202 0.000452557
        1254     1.01572    0.969239 0.000453713
        1255      1.0159    0.969276 0.000454873
        1256     1.01609    0.969313 0.000456035
        1257     1.01628    0.969351 0.000457201
        1258     1.01646    0.969388 0.000458368
        1259     1.01665    0.969426 0.000459539
        1260     1.01684    0.969463 0.000460713
        1261     1.01703    0.969501 0.000461889
        1262     1.01722    0.969539 0.000463068
        1263      1.0174    0.969577 0.000464249
        1264     1.01759    0.969615 0.000465434
        1265     1.01778    0.969653 0.000466621
        1266     1.01797    0.969691 0.000467811
        1267     1.01816    0.969729 0.000469003
        1268     1.01836    0.969767 0.000470199
        1269     1.01855    0.969806 0.000471397
        1270     1.01874    0.969844 0.000472597
        1271     1.01893    0.969883 0.000473801
        1272     1.01912    0.969922 0.000475007
        1273     1.01931    0.969961 0.000476216
        1274     1.01951    0.969999 0.000477427
        1275      1.0197    0.970038 0.000478642
        1276     1.01989    0.970078 0.000479859
        1277     1.02009    0.970117 0.000481078
        1278     1.02028    0.970156 0.000482301
        1279     1.02048    0.970195 0.000483526
        1280     1.02067    0.970235 0.000484753
        1281     1.02087    0.970274 0.000485983
        1282     1.02106    0.970314 0.000487216
        1283     1.02126    0.970354 0.000488452
        1284     1.02145    0.970393  0.00048969
        1285     1.02165    0.970433 0.000490931
        1286     1.02184    0.970473 0.000492174
        1287     1.02204    0.970513  0.00049342
        1288     1.02224    0.970553 0.000494668
        1289     1.02243    0.970594 0.000495919
        1290     1.02263    0.970634 0.000497173
        1291     1.02283    0.970674 0.000498429
        1292     1.02303    0.970715 0.000499687
        1293     1.02322    0.970756 0.000500949
        1294     1.02342    0.970796 0.000502212
        1295     1.02362    0.970837 0.000503478
        1296     1.02382    0.970878 0.000504747
        1297     1.02402    0.970919 0.000506017
        1298     1.02421     0.97096 0.000507291
        1299     1.02441    0.971001 0.000508566
        1300     1.02461    0.971042 0.000509844
        1301     1.02481    0.971084 0.000511125
        1302     1.02501    0.971125 0.000512408
        1303     1.02521    0.971167 0.000513693
        1304     1.02541    0.971208  0.00051498
        1305     1.02561     0.97125  0.00051627
        1306      1.0258    0.971292 0.000517561
        1307       1.026    0.971334 0.000518856
        1308      1.0262    0.971376 0.000520152
        1309      1.0264    0.971418  0.00052145
        1310      1.0266     0.97146 0.000522751
        1311      1.0268    0.971502 0.000524053
        1312       1.027    0.971544 0.000525358
        1313      1.0272    0.971587 0.000526665
        1314     1.02739    0.971629 0.000527974
        1315     1.02759    0.971672 0.000529285
        1316     1.02779    0.971714 0.000530598
        1317     1.02799    0.971757 0.000531912
        1318     1.02819      0.9718 0.000533229
        1319     1.02838    0.971843 0.000534548
        1320     1.02858    0.971886 0.000535868
        1321     1.02878    0.971929  0.00053719
        1322     1.02897    0.971972 0.000538514
        1323     1.02917    0.972015  0.00053984
        1324     1.02937    0.972058 0.000541167
        1325     1.02956    0.972102 0.000542496
        1326     1.02976    0.972145 0.000543827
        1327     1.02995    0.972189 0.000545159
        1328     1.03015    0.972233 0.000546492
        1329     1.03034    0.972276 0.000547827
        1330     1.03053     0.97232 0.000549164
        1331     1.03073    0.972364 0.000550502
        1332     1.03092    0.972408 0.000551841
        1333     1.03111    0.972452 0.000553182
        1334      1.0313    0.972496 0.000554523
        1335      1.0315     0.97254 0.000555866
        1336     1.03169    0.972585 0.000557211
        1337     1.03188    0.972629 0.000558556
        1338     1.03206    0.972673 0.000559902
        1339     1.03225    0.972718 0.000561249
        1340     1.03244    0.972762 0.000562597
        1341     1.03263    0.972807 0.000563946
        1342     1.03281    0.972852 0.000565296
        1343       1.033    0.972896 0.000566646
        1344     1.03318    0.972941 0.000567997
        1345     1.03337    0.972986 0.000569349
        1346     1.03355    0.973031 0.000570701
        1347     1.03373    0.973076 0.000572054
        1348     1.03391    0.973121 0.000573407
        1349     1.03409    0.973167  0.00057476
        1350     1.03427    0.973212 0.000576114
        1351     1.03445    0.973257 0.000577468
        1352     1.03462    0.973303 0.000578822
        1353      1.0348    0.973348 0.000580176
        1354     1.03497    0.973394  0.00058153
        1355     1.03515    0.973439 0.000582884
        1356     1.03532    0.973485 0.000584237
        1357     1.03549    0.973531 0.000585591
        1358     1.03566    0.973576 0.000586944
        1359     1.03583    0.973622 0.000588297
        1360     1.03599    0.973668 0.000589649
        1361     1.03616    0.973714 0.000591001
        1362     1.03632     0.97376 0.000592351
        1363     1.03648    0.973806 0.000593702
        1364     1.03664    0.973852 0.000595051
        1365      1.0368    0.973898 0.000596399
        1366     1.03696    0.973944 0.000597746
        1367     1.03711     0.97399 0.000599093
        1368     1.03726    0.974037 0.000600437
        1369     1.03742    0.974083 0.000601781
        1370     1.03757    0.974129 0.000603123
        1371     1.03771    0.974176 0.000604464
        1372     1.03786    0.974222 0.000605803
        1373       1.038    0.974269  0.00060714
        1374     1.03815    0.974315 0.000608476
        1375     1.03829    0.974362 0.000609809
        1376     1.03842    0.974408 0.000611141
        1377     1.03856    0.974455  0.00061247
        1378      1.0387    0.974501 0.000613797
        1379     1.03883    0.974548 0.000615122
        1380     1.03896    0.974595 0.000616445
        1381     1.03908    0.974641 0.000617764
        1382     1.03921    0.974688 0.000619082
        1383     1.03933    0.974735 0.000620396
        1384     1.03945    0.974782 0.000621707
        1385     1.03957    0.974828 0.000623016
        1386     1.03969    0.974875 0.000624321
        1387      1.0398    0.974922 0.000625624
        1388     1.03991    0.974969 0.000626923
        1389     1.04002    0.975016 0.000628218
        1390     1.04013    0.975062  0.00062951
        1391     1.04023    0.975109 0.000630798
        1392     1.04033    0.975156 0.000632083
        1393     1.04043    0.975203 0.000633364
        1394     1.04052     0.97525  0.00063464
        1395     1.04062    0.975297 0.000635913
        1396     1.04071    0.975344 0.000637181
        1397      1.0408     0.97539 0.000638445
        1398     1.04088    0.975437 0.000639705
        1399     1.04096    0.975484  0.00064096
        1400     1.04104    0.975531 0.000642211
        1401     1.04112    0.975578 0.000643457
        1402      1.0412    0.975625 0.000644698
        1403     1.04127    0.975671 0.000645934
        1404     1.04134    0.975718 0.000647165
        1405      1.0414    0.975765  0.00064839
        1406     1.04147    0.975812 0.000649611
        1407     1.04153    0.975858 0.000650826
        1408     1.04159    0.975905 0.000652036
        1409     1.04164    0.975952 0.000653241
        1410      1.0417    0.975998 0.000654439
        1411     1.04175    0.976045 0.000655632
        1412      1.0418    0.976091  0.00065682
        1413     1.04184    0.976138 0.000658001
        1414     1.04189    0.976184 0.000659176
        1415     1.04193    0.976231 0.000660346
        1416     1.04196    0.976277 0.000661509
        1417       1.042    0.976324 0.000662667
        1418     1.04203     0.97637 0.000663818
        1419     1.04207    0.976416 0.000664962
        1420      1.0421    0.976463 0.000666101
        1421     1.04212    0.976509 0.000667233
        1422     1.04215    0.976555 0.000668358
        1423     1.04217    0.976601 0.000669477
        1424     1.04219    0.976647  0.00067059
        1425     1.04221    0.976693 0.000671696
        1426     1.04223    0.976739 0.000672795
        1427     1.04224    0.976785 0.000673888
        1428     1.04226    0.976831 0.000674974
        1429     1.04227    0.976877 0.000676053
        1430     1.04228    0.976922 0.000677126
        1431     1.04229    0.976968 0.000678192
        1432      1.0423    0.977014 0.000679251
        1433     1.04231    0.977059 0.000680304
        1434     1.04231    0.977105  0.00068135
        1435     1.04232     0.97715 0.000682389
        1436     1.04232    0.977196 0.000683421
        1437     1.04233    0.977241 0.000684447
        1438     1.04233    0.977286 0.000685466
        1439     1.04233    0.977331 0.000686479
        1440     1.04234    0.977377 0.000687485
        1441     1.04234    0.977422 0.000688484
        1442     1.04234    0.977467 0.000689477
        1443     1.04234    0.977512 0.000690464
        1444     1.04235    0.977556 0.000691444
        1445     1.04235    0.977601 0.000692418
        1446     1.04235    0.977646 0.000693385
        1447     1.04235    0.977691 0.000694346
        1448     1.04236    0.977735 0.000695302
        1449     1.04236     0.97778 0.000696251
        1450     1.04237    0.977825 0.000697194
        1451     1.04237    0.977869 0.000698131
        1452     1.04238    0.977914 0.000699063
        1453     1.04239    0.977958 0.000699988
        1454      1.0424    0.978002 0.000700908
        1455     1.04241    0.978046 0.000701823
        1456     1.04242    0.978091 0.000702732
        1457     1.04243    0.978135 0.000703636
        1458     1.04245    0.978179 0.000704535
        1459     1.04246    0.978223 0.000705428
        1460     1.04248    0.978267 0.000706317
        1461      1.0425    0.978311 0.000707201
        1462     1.04253    0.978355 0.000708079
        1463     1.04255    0.978399 0.000708954
        1464     1.04258    0.978443 0.000709823
        1465      1.0426    0.978486 0.000710689
        1466     1.04263     0.97853  0.00071155
        1467     1.04267    0.978574 0.000712406
        1468      1.0427    0.978618 0.000713259
        1469     1.04274    0.978661 0.000714108
        1470     1.04278    0.978705 0.000714953
        1471     1.04282    0.978748 0.000715794
        1472     1.04286    0.978792 0.000716632
        1473      1.0429    0.978836 0.000717466
        1474     1.04295    0.978879 0.000718296
        1475       1.043    0.978923 0.000719124
        1476     1.04305    0.978966 0.000719948
        1477     1.04311    0.979009 0.000720769
        1478     1.04316    0.979053 0.000721587
        1479     1.04322    0.979096 0.000722402
        1480     1.04328     0.97914 0.000723214
        1481     1.04334    0.979183 0.000724024
        1482      1.0434    0.979226 0.000724831
        1483     1.04346     0.97927 0.000725635
        1484     1.04353    0.979313 0.000726437
        1485     1.04359    0.979356 0.000727236
        1486     1.04366    0.979399 0.000728033
        1487     1.04373    0.979443 0.000728828
        1488      1.0438    0.979486  0.00072962
        1489     1.04387    0.979529  0.00073041
        1490     1.04394    0.979572 0.000731198
        1491     1.04401    0.979616 0.000731984
        1492     1.04409    0.979659 0.000732768
        1493     1.04416    0.979702 0.000733549
        1494     1.04423    0.979745 0.000734329
        1495      1.0443    0.979788 0.000735106
        1496     1.04438    0.979832 0.000735882
        1497     1.04445    0.979875 0.000736655
        1498     1.04452    0.979918 0.000737426
        1499     1.04459    0.979961 0.000738195
        1500     1.04466    0.980004 0.000738962
        1501     1.04473    0.980047 0.000739727
        1502      1.0448     0.98009 0.000740489
        1503     1.04487    0.980133  0.00074125
        1504     1.04493    0.980177 0.000742008
        1505       1.045     0.98022 0.000742764
        1506     1.04506    0.980263 0.000743518
        1507     1.04512    0.980306 0.000744269
        1508     1.04518    0.980349 0.000745018
        1509     1.04524    0.980392 0.000745764
        1510      1.0453    0.980435 0.000746508
        1511     1.04535    0.980478 0.000747249
        1512      1.0454    0.980521 0.000747987
        1513     1.04545    0.980564 0.000748723
        1514      1.0455    0.980606 0.000749456
        1515     1.04554    0.980649 0.000750186
        1516     1.04558    0.980692 0.000750913
        1517     1.04562    0.980735 0.000751637
        1518     1.04566    0.980778 0.000752357
        1519     1.04569     0.98082 0.000753075
        1520     1.04573    0.980863 0.000753789
        1521     1.04576    0.980906   0.0007545
        1522     1.04578    0.980948 0.000755207
        1523     1.04581    0.980991 0.000755911
        1524     1.04583    0.981034 0.000756612
        1525     1.04585    0.981076 0.000757308
        1526     1.04587    0.981119 0.000758001
        1527     1.04588    0.981161  0.00075869
        1528     1.04589    0.981203 0.000759376
        1529      1.0459    0.981246 0.000760057
        1530     1.04591    0.981288 0.000760735
        1531     1.04592     0.98133 0.000761408
        1532     1.04592    0.981372 0.000762078
        1533     1.04593    0.981414 0.000762743
        1534     1.04593    0.981456 0.000763404
        1535     1.04593    0.981498 0.000764062
        1536     1.04593     0.98154 0.000764715
        1537     1.04593    0.981582 0.000765364
        1538     1.04593    0.981624 0.000766009
        1539     1.04592    0.981666 0.000766649
        1540     1.04592    0.981708 0.000767286
        1541     1.04592    0.981749 0.000767919
        1542     1.04591    0.981791 0.000768547
        1543     1.04591    0.981832 0.000769172
        1544     1.04591    0.981874 0.000769793
        1545     1.04591    0.981915 0.000770409
        1546     1.04591    0.981957 0.000771022
        1547     1.04591    0.981998 0.000771631
        1548     1.04592    0.982039 0.000772237
        1549     1.04592    0.982081 0.000772839
        1550     1.04593    0.982122 0.000773438
        1551     1.04595    0.982163 0.000774033
        1552     1.04596    0.982204 0.000774625
        1553     1.04598    0.982245 0.000775214
        1554       1.046    0.982286   0.0007758
        1555     1.04603    0.982327 0.000776383
        1556     1.04606    0.982368 0.000776964
        1557     1.04609    0.982409 0.000777542
        1558     1.04613     0.98245 0.000778118
        1559     1.04618    0.982491 0.000778692
        1560     1.04623    0.982532 0.000779264
        1561     1.04629    0.982573 0.000779835
        1562     1.04635    0.982613 0.000780404
        1563     1.04642    0.982654 0.000780971
        1564      1.0465    0.982695 0.000781538
        1565     1.04658    0.982736 0.000782104
        1566     1.04668    0.982777  0.00078267
        1567     1.04678    0.982818 0.000783235
        1568     1.04688    0.982858 0.000783801
        1569       1.047    0.982899 0.000784367
        1570     1.04712     0.98294 0.000784933
        1571     1.04725    0.982981   0.0007855
        1572     1.04739    0.983022 0.000786069
        1573     1.04754    0.983063 0.000786638
        1574      1.0477    0.983104  0.00078721
        1575     1.04787    0.983145 0.000787783
        1576     1.04805    0.983186 0.000788359
        1577     1.04824    0.983228 0.000788938
        1578     1.04843    0.983269 0.000789519
        1579     1.04864     0.98331 0.000790104
        1580     1.04886    0.983352 0.000790692
        1581     1.04909    0.983394 0.000791285
        1582     1.04932    0.983435 0.000791881
        1583     1.04957    0.983477 0.000792482
        1584     1.04983    0.983519 0.000793088
        1585     1.05009    0.983561 0.000793699
        1586     1.05037    0.983603 0.000794316
        1587     1.05066    0.983645 0.000794938
        1588     1.05095    0.983688 0.000795567
        1589     1.05126     0.98373 0.000796201
        1590     1.05157    0.983773 0.000796843
        1591      1.0519    0.983816 0.000797492
        1592     1.05223    0.983859 0.000798148
        1593     1.05258    0.983902 0.000798812
        1594     1.05293    0.983945 0.000799484
        1595     1.05329    0.983989 0.000800164
        1596     1.05366    0.984032 0.000800852
        1597     1.05404    0.984076 0.000801549
        1598     1.05442     0.98412 0.000802256
        1599     1.05482    0.984164 0.000802972
        1600     1.05522    0.984209 0.000803697
        1601     1.05563    0.984253 0.000804432
        1602     1.05605    0.984298 0.000805177
        1603     1.05647    0.984343 0.000805933
        1604      1.0569    0.984388 0.000806699
        1605     1.05734    0.984434 0.000807475
        1606     1.05778    0.984479 0.000808263
        1607     1.05823    0.984525 0.000809062
        1608     1.05868    0.984571 0.000809872
        1609     1.05914    0.984618 0.000810693
        1610      1.0596    0.984664 0.000811526
        1611     1.06007    0.984711 0.000812371
        1612     1.06054    0.984758 0.000813228
        1613     1.06101    0.984806 0.000814097
        1614     1.06149    0.984853 0.000814978
        1615     1.06197    0.984901 0.000815871
        1616     1.06246    0.984949 0.000816777
        1617     1.06294    0.984997 0.000817694
        1618     1.06343    0.985045 0.000818625
        1619     1.06392    0.985094 0.000819568
        1620     1.06442    0.985143 0.000820523
        1621     1.06491    0.985192 0.000821491
        1622      1.0654    0.985242 0.000822472
        1623      1.0659    0.985292 0.000823465
        1624     1.06639    0.985341 0.000824471
        1625     1.06689    0.985392 0.000825489
        1626     1.06738    0.985442  0.00082652
        1627     1.06788    0.985493 0.000827564
        1628     1.06837    0.985544  0.00082862
        1629     1.06886    0.985595 0.000829688
        1630     1.06935    0.985646 0.000830769
        1631     1.06984    0.985698 0.000831862
        1632     1.07033     0.98575 0.000832967
        1633     1.07082    0.985802 0.000834084
        1634      1.0713    0.985854 0.000835213
        1635     1.07178    0.985907 0.000836354
        1636     1.07226    0.985959 0.000837507
        1637     1.07274    0.986012 0.000838671
        1638     1.07321    0.986066 0.000839847
        1639     1.07368    0.986119 0.000841034
        1640     1.07415    0.986173 0.000842233
        1641     1.07461    0.986227 0.000843442
        1642     1.07507    0.986281 0.000844662
        1643     1.07553    0.986335 0.000845893
        1644     1.07598     0.98639 0.000847134
        1645     1.07643    0.986444 0.000848386
        1646     1.07688    0.986499 0.000849648
        1647     1.07732    0.986554  0.00085092
        1648     1.07776     0.98661 0.000852201
        1649      1.0782    0.986665 0.000853492
        1650     1.07863    0.986721 0.000854793
        1651     1.07905    0.986777 0.000856103
        1652     1.07948    0.986833 0.000857421
        1653     1.07989    0.986889 0.000858749
        1654     1.08031    0.986946 0.000860085
        1655     1.08072    0.987003  0.00086143
        1656     1.08112    0.987059 0.000862782
        1657     1.08153    0.987116 0.000864143
        1658     1.08192    0.987174 0.000865512
        1659     1.08232    0.987231 0.000866888
        1660     1.08271    0.987288 0.000868272
        1661     1.08309    0.987346 0.000869662
        1662     1.08347    0.987404  0.00087106
        1663     1.08385    0.987462 0.000872465
        1664     1.08422     0.98752 0.000873876
        1665     1.08459    0.987578 0.000875294
        1666     1.08496    0.987637 0.000876718
        1667     1.08532    0.987695 0.000878148
        1668     1.08568    0.987754 0.000879584
        1669     1.08603    0.987813 0.000881026
        1670     1.08638    0.987872 0.000882474
        1671     1.08673    0.987931 0.000883926
        1672     1.08707    0.987991 0.000885384
        1673     1.08741     0.98805 0.000886847
        1674     1.08775     0.98811 0.000888315
        1675     1.08808    0.988169 0.000889788
        1676     1.08841    0.988229 0.000891265
        1677     1.08874    0.988289 0.000892746
        1678     1.08907    0.988349 0.000894232
        1679     1.08939    0.988409 0.000895722
        1680     1.08971     0.98847 0.000897216
        1681     1.09002     0.98853 0.000898714
        1682     1.09033     0.98859 0.000900215
        1683     1.09065    0.988651  0.00090172
        1684     1.09095    0.988712 0.000903229
        1685     1.09126    0.988773 0.000904741
        1686     1.09156    0.988834 0.000906256
        1687     1.09186    0.988895 0.000907775
        1688     1.09216    0.988956 0.000909296
        1689     1.09246    0.989017  0.00091082
        1690     1.09276    0.989079 0.000912347
        1691     1.09305     0.98914 0.000913877
        1692     1.09334    0.989202  0.00091541
        1693     1.09363    0.989263 0.000916945
        1694     1.09392    0.989325 0.000918482
        1695      1.0942    0.989387 0.000920022
        1696     1.09449    0.989449 0.000921565
        1697     1.09477    0.989511 0.000923109
        1698     1.09506    0.989573 0.000924656
        1699     1.09534    0.989635 0.000926205
        1700     1.09562    0.989698 0.000927756
        1701      1.0959     0.98976 0.000929309
        1702     1.09617    0.989823 0.000930864
        1703     1.09645    0.989885  0.00093242
        1704     1.09673    0.989948 0.000933979
        1705       1.097    0.990011 0.000935539
        1706     1.09728    0.990074 0.000937102
        1707     1.09755    0.990137 0.000938666
        1708     1.09783      0.9902 0.000940231
        1709      1.0981    0.990263 0.000941798
        1710     1.09837    0.990326 0.000943367
        1711     1.09864    0.990389 0.000944937
        1712     1.09891    0.990453 0.000946509
        1713     1.09918    0.990516 0.000948083
        1714     1.09945     0.99058 0.000949658
        1715     1.09972    0.990643 0.000951234
        1716     1.09999    0.990707 0.000952812
        1717     1.10026    0.990771 0.000954391
        1718     1.10053    0.990835 0.000955971
        1719      1.1008    0.990899 0.000957553
        1720     1.10107    0.990963 0.000959136
        1721     1.10134    0.991027 0.000960721
        1722     1.10161    0.991091 0.000962307
        1723     1.10187    0.991156 0.000963894
        1724     1.10214     0.99122 0.000965482
        1725     1.10241    0.991284 0.000967072
        1726     1.10268    0.991349 0.000968663
        1727     1.10295    0.991414 0.000970255
        1728     1.10321    0.991478 0.000971848
        1729     1.10348    0.991543 0.000973442
        1730     1.10375    0.991608 0.000975038
        1731     1.10401    0.991673 0.000976634
        1732     1.10428    0.991738 0.000978232
        1733     1.10455    0.991803 0.000979831
        1734     1.10481    0.991868 0.000981431
        1735     1.10508    0.991933 0.000983032
        1736     1.10534    0.991999 0.000984634
        1737     1.10561    0.992064 0.000986237
        1738     1.10587     0.99213 0.000987842
        1739     1.10614    0.992195 0.000989447
        1740      1.1064    0.992261 0.000991053
        1741     1.10667    0.992326  0.00099266
        1742     1.10693    0.992392 0.000994267
        1743     1.10719    0.992458 0.000995876
        1744     1.10745    0.992524 0.000997486
        1745     1.10772     0.99259 0.000999096
        1746     1.10798    0.992656  0.00100071
        1747     1.10824    0.992722  0.00100232
        1748      1.1085    0.992789  0.00100393
        1749     1.10876    0.992855  0.00100554
        1750     1.10901    0.992921  0.00100716
        1751     1.10927    0.992988  0.00100877
        1752     1.10953    0.993054  0.00101039
        1753     1.10978    0.993121    0.001012
        1754     1.11004    0.993187  0.00101362
        1755     1.11029    0.993254  0.00101524
        1756     1.11054    0.993321  0.00101685
        1757     1.11079    0.993388  0.00101847
        1758     1.11104    0.993455  0.00102009
        1759     1.11129    0.993522   0.0010217
        1760     1.11154    0.993589  0.00102332
        1761     1.11179    0.993656  0.00102494
        1762     1.11203    0.993723  0.00102656
        1763     1.11227     0.99379  0.00102817
        1764     1.11251    0.993858  0.00102979
        1765     1.11275    0.993925  0.00103141
        1766     1.11299    0.993992  0.00103303
        1767     1.11322     0.99406  0.00103464
        1768     1.11346    0.994127  0.00103626
        1769     1.11369    0.994195  0.00103788
        1770     1.11392    0.994263  0.00103949
        1771     1.11415     0.99433  0.00104111
        1772     1.11437    0.994398  0.00104272
        1773      1.1146    0.994466  0.00104433
        1774     1.11482    0.994534  0.00104595
        1775     1.11504    0.994602  0.00104756
        1776     1.11525     0.99467  0.00104917
        1777     1.11547    0.994738  0.00105078
        1778     1.11568    0.994806  0.00105239
        1779     1.11589    0.994874  0.00105399
        1780     1.11609    0.994942   0.0010556
        1781      1.1163     0.99501   0.0010572
        1782      1.1165    0.995078  0.00105881
        1783     1.11669    0.995146  0.00106041
        1784     1.11689    0.995214  0.00106201
        1785     1.11708    0.995283   0.0010636
        1786     1.11727    0.995351   0.0010652
        1787     1.11745    0.995419  0.00106679
        1788     1.11763    0.995488  0.00106838
        1789     1.11781    0.995556  0.00106997
        1790     1.11799    0.995625  0.00107156
        1791     1.11816    0.995693  0.00107314
        1792     1.11833    0.995761  0.00107472
        1793     1.11849     0.99583   0.0010763
        1794     1.11865    0.995898  0.00107788
        1795     1.11881    0.995967  0.00107945
        1796     1.11896    0.996035  0.00108102
        1797     1.11911    0.996104  0.00108258
        1798     1.11926    0.996172  0.00108415
        1799      1.1194    0.996241   0.0010857
        1800     1.11954    0.996309  0.00108726
        1801     1.11967    0.996378  0.00108881
        1802      1.1198    0.996446  0.00109036
        1803     1.11993    0.996515   0.0010919
        1804     1.12005    0.996583  0.00109344
        1805     1.12016    0.996652  0.00109498
        1806     1.12027     0.99672  0.00109651
        1807     1.12038    0.996789  0.00109804
        1808     1.12048    0.996857  0.00109956
        1809     1.12058    0.996925  0.00110108
        1810     1.12068    0.996994  0.00110259
        1811     1.12076    0.997062   0.0011041
        1812     1.12085     0.99713   0.0011056
        1813     1.12093    0.997199  0.00110709
        1814       1.121    0.997267  0.00110859
        1815     1.12107    0.997335  0.00111007
        1816     1.12113    0.997403  0.00111155
        1817     1.12119    0.997471  0.00111303
        1818     1.12124    0.997539  0.00111449
        1819     1.12129    0.997608  0.00111596
        1820     1.12133    0.997675  0.00111741
        1821     1.12137    0.997743  0.00111886
        1822      1.1214    0.997811   0.0011203
        1823     1.12143    0.997879  0.00112174
        1824     1.12145    0.997947  0.00112317
        1825     1.12146    0.998015  0.00112459
        1826     1.12147    0.998082    0.001126
        1827     1.12148     0.99815  0.00112741
        1828     1.12147    0.998217  0.00112881
        1829     1.12147    0.998285   0.0011302
        1830     1.12145    0.998352  0.00113159
        1831     1.12143    0.998419  0.00113297
        1832     1.12141    0.998486  0.00113433
        1833     1.12137    0.998553  0.00113569
        1834     1.12134     0.99862  0.00113705
        1835     1.12129    0.998687  0.00113839
        1836     1.12124    0.998754  0.00113973
        1837     1.12118     0.99882  0.00114105
        1838     1.12112    0.998887  0.00114237
        1839     1.12105    0.998953  0.00114368
        1840     1.12098     0.99902  0.00114498
        1841     1.12089    0.999086  0.00114627
        1842     1.12081    0.999152  0.00114755
        1843     1.12071    0.999218  0.00114882
        1844     1.12061    0.999284  0.00115008
        1845      1.1205    0.999349  0.00115133
        1846     1.12039    0.999415  0.00115258
        1847     1.12027     0.99948  0.00115381
        1848     1.12014    0.999546  0.00115503
        1849     1.12001    0.999611  0.00115624
        1850     1.11987    0.999676  0.00115744
        1851     1.11972    0.999741  0.00115863
        1852     1.11957    0.999805  0.00115981
        1853      1.1194     0.99987  0.00116098
        1854     1.11924    0.999934  0.00116214
        1855     1.11906    0.999999  0.00116328
        1856     1.11888     1.00006  0.00116442
        1857      1.1187     1.00013  0.00116554
        1858      1.1185     1.00019  0.00116666
        1859      1.1183     1.00025  0.00116776
        1860      1.1181     1.00032  0.00116885
        1861     1.11789     1.00038  0.00116993
        1862     1.11767     1.00044  0.00117099
        1863     1.11744     1.00051  0.00117205
        1864     1.11721     1.00057  0.00117309
        1865     1.11697     1.00063  0.00117412
        1866     1.11672     1.00069  0.00117514
        1867     1.11647     1.00076  0.00117614
        1868     1.11621     1.00082  0.00117713
        1869     1.11595     1.00088  0.00117812
        1870     1.11568     1.00094  0.00117908
        1871      1.1154       1.001  0.00118004
        1872     1.11512     1.00106  0.00118098
        1873     1.11483     1.00112  0.00118191
        1874     1.11453     1.00118  0.00118283
        1875     1.11423     1.00124  0.00118374
        1876     1.11393      1.0013  0.00118463
        1877     1.11361     1.00136  0.00118551
        1878     1.11329     1.00142  0.00118637
        1879     1.11297     1.00148  0.00118723
        1880     1.11264     1.00154  0.00118807
        1881     1.11231      1.0016  0.00118889
        1882     1.11197     1.00166  0.00118971
        1883     1.11162     1.00172  0.00119051
        1884     1.11127     1.00178  0.00119129
        1885     1.11092     1.00183  0.00119207
        1886     1.11055     1.00189  0.00119283
        1887     1.11019     1.00195  0.00119358
        1888     1.10982     1.00201  0.00119431
        1889     1.10945     1.00206  0.00119503
        1890     1.10907     1.00212  0.00119574
        1891     1.10868     1.00218  0.00119644
        1892      1.1083     1.00223  0.00119712
        1893     1.10791     1.00229  0.00119779
        1894     1.10751     1.00234  0.00119844
        1895     1.10711      1.0024  0.00119908
        1896     1.10671     1.00245  0.00119971
        1897     1.10631     1.00251  0.00120033
        1898      1.1059     1.00256  0.00120093
        1899     1.10548     1.00262  0.00120152
        1900     1.10507     1.00267   0.0012021
        1901     1.10465     1.00272  0.00120266
        1902     1.10423     1.00278  0.00120321
        1903     1.10381     1.00283  0.00120375
        1904     1.10339     1.00288  0.00120428
        1905     1.10296     1.00294  0.00120479
        1906     1.10253     1.00299  0.00120529
        1907      1.1021     1.00304  0.00120578
        1908     1.10167     1.00309  0.00120626
        1909     1.10124     1.00314  0.00120672
        1910      1.1008     1.00319  0.00120717
        1911     1.10037     1.00325  0.00120761
        1912     1.09993      1.0033  0.00120803
        1913      1.0995     1.00335  0.00120845
        1914     1.09906      1.0034  0.00120885
        1915     1.09863     1.00345  0.00120924
        1916     1.09819      1.0035  0.00120962
        1917     1.09776     1.00354  0.00120999
        1918     1.09732     1.00359  0.00121035
        1919     1.09689     1.00364  0.00121069
        1920     1.09645     1.00369  0.00121103
        1921     1.09602     1.00374  0.00121135
        1922     1.09559     1.00379  0.00121166
        1923     1.09516     1.00383  0.00121196
        1924     1.09473     1.00388  0.00121225
        1925     1.09431     1.00393  0.00121253
        1926     1.09389     1.00398   0.0012128
        1927     1.09347     1.00402  0.00121306
        1928     1.09305     1.00407  0.00121331
        1929     1.09263     1.00411  0.00121355
        1930     1.09222     1.00416  0.00121378
        1931     1.09181      1.0042    0.001214
        1932     1.09141     1.00425  0.00121421
        1933     1.09101     1.00429  0.00121441
        1934     1.09061     1.00434   0.0012146
        1935     1.09022     1.00438  0.00121479
        1936     1.08983     1.00443  0.00121496
        1937     1.08944     1.00447  0.00121513
        1938     1.08906     1.00452  0.00121528
        1939     1.08869     1.00456  0.00121543
        1940     1.08832      1.0046  0.00121557
        1941     1.08796     1.00464   0.0012157
        1942      1.0876     1.00469  0.00121583
        1943     1.08725     1.00473  0.00121595
        1944      1.0869     1.00477  0.00121605
        1945     1.08657     1.00481  0.00121616
        1946     1.08623     1.00486  0.00121625
        1947     1.08591      1.0049  0.00121634
        1948     1.08559     1.00494  0.00121642
        1949     1.08528     1.00498  0.00121649
        1950     1.08498     1.00502  0.00121656
        1951     1.08468     1.00506  0.00121662
        1952     1.08439      1.0051  0.00121668
        1953     1.08411     1.00514  0.00121673
        1954     1.08384     1.00518  0.00121677
        1955     1.08358     1.00522  0.00121681
        1956     1.08332     1.00526  0.00121684
        1957     1.08308      1.0053  0.00121687
        1958     1.08284     1.00534  0.00121689
        1959     1.08262     1.00538  0.00121691
        1960      1.0824     1.00542  0.00121692
        1961     1.08219     1.00546  0.00121693
        1962     1.08199      1.0055  0.00121694
        1963     1.08181     1.00554  0.00121694
        1964     1.08163     1.00558  0.00121693
        1965     1.08146     1.00562  0.00121693
        1966     1.08131     1.00565  0.00121692
        1967     1.08116     1.00569   0.0012169
        1968     1.08103     1.00573  0.00121689
        1969      1.0809     1.00577  0.00121687
        1970     1.08079     1.00581  0.00121685
        1971     1.08069     1.00585  0.00121682
        1972      1.0806     1.00588   0.0012168
        1973     1.08053     1.00592  0.00121677
        1974     1.08046     1.00596  0.00121674
        1975     1.08041       1.006   0.0012167
        1976     1.08037     1.00603  0.00121667
        1977     1.08034     1.00607  0.00121664
        1978     1.08033     1.00611   0.0012166
        1979     1.08033     1.00615  0.00121656
        1980     1.08034     1.00618  0.00121652
        1981     1.08036     1.00622  0.00121649
        1982      1.0804     1.00626  0.00121645
        1983     1.08044      1.0063  0.00121641
        1984     1.08051     1.00633  0.00121637
        1985     1.08058     1.00637  0.00121633
        1986     1.08067     1.00641   0.0012163
        1987     1.08077     1.00645  0.00121626
        1988     1.08089     1.00648  0.00121622
        1989     1.08102     1.00652  0.00121619
        1990     1.08116     1.00656  0.00121616
        1991     1.08131      1.0066  0.00121613
        1992     1.08148     1.00663   0.0012161
        1993     1.08166     1.00667  0.00121607
        1994     1.08186     1.00671  0.00121604
        1995     1.08207     1.00675  0.00121602
        1996     1.08229     1.00679    0.001216
        1997     1.08252     1.00682  0.00121598
        1998     1.08277     1.00686  0.00121597
        1999     1.08303      1.0069  0.00121596
        2000     1.08331     1.00694  0.00121595
