#     BLOCK:  ACTUAL_PE:     PE_AVE:      ERROR:
           1    -6.59395    -6.59395           0
           2    -6.49537    -6.54466   0.0348533
           3    -6.39229    -6.49387   0.0475366
           4    -6.33035    -6.45299   0.0502443
           5     -6.3027    -6.42293   0.0483579
           6    -6.17707    -6.38196   0.0549837
           7     -6.0939     -6.3408   0.0606023
           8    -6.02989    -6.30194   0.0642923
           9     -6.0186    -6.27046   0.0643968
          10    -5.91133    -6.23454   0.0672295
          11    -5.96457       -6.21   0.0654446
          12    -6.01259    -6.19355    0.062024
          13    -5.91652    -6.17224   0.0608037
          14    -5.83217    -6.14795   0.0611203
          15    -5.80705    -6.12522   0.0611251
          16    -5.88283    -6.11007   0.0591524
          17    -5.91335     -6.0985   0.0567934
          18     -5.8947    -6.08718   0.0547552
          19    -5.89629    -6.07713    0.052787
          20    -5.86265    -6.06641   0.0512255
          21    -5.79229    -6.05335   0.0504219
          22     -5.7576    -6.03991   0.0498899
          23    -5.87675    -6.03282   0.0482225
          24    -5.91918    -6.02808   0.0464451
          25    -5.91122    -6.02341   0.0448219
          26    -5.76631    -6.01352   0.0441753
          27    -5.88147    -6.00863    0.042809
          28    -5.78893    -6.00078    0.041993
          29    -5.77418    -5.99297   0.0412656
          30    -5.76834    -5.98548   0.0405637
          31    -5.74588    -5.97775   0.0399847
          32    -5.78997    -5.97188   0.0391634
          33    -5.88316     -5.9692   0.0380689
          34    -5.88203    -5.96663   0.0370354
          35    -5.85701     -5.9635   0.0361094
          36    -5.79518    -5.95882   0.0354078
          37    -5.71193    -5.95215    0.035074
          38    -5.79296    -5.94796   0.0344002
          39    -5.79051    -5.94393   0.0337542
          40    -5.69991    -5.93783   0.0334571
          41    -5.56466    -5.92872   0.0338564
          42    -5.47938    -5.91802   0.0346996
          43    -5.63329     -5.9114   0.0345186
          44    -5.66604    -5.90583   0.0341816
          45    -5.66826    -5.90055   0.0338272
          46    -5.73358    -5.89692    0.033286
          47    -5.87108    -5.89637   0.0325823
          48    -5.86259    -5.89566   0.0319111
          49    -5.80492    -5.89381   0.0313136
          50    -5.76847    -5.89131   0.0307875
          51    -5.84797    -5.89046   0.0301955
          52    -5.79847    -5.88869   0.0296666
          53    -5.90322    -5.88896   0.0291081
          54    -5.95992    -5.89027   0.0285987
          55    -5.93489    -5.89109   0.0280903
          56     -5.8698    -5.89071   0.0275912
          57    -5.79996    -5.88911   0.0271531
          58    -5.71727    -5.88615   0.0268461
          59    -5.67966    -5.88265   0.0266182
          60    -5.71876    -5.87992   0.0263143
          61    -5.73745    -5.87758   0.0259864
          62    -5.71168    -5.87491   0.0257047
          63    -5.70682    -5.87224   0.0254348
          64    -5.70206    -5.86958    0.025176
          65    -5.78894    -5.86834   0.0248192
          66    -5.75135    -5.86657   0.0245064
          67     -5.7652    -5.86505   0.0241872
          68    -5.84407    -5.86475   0.0238335
          69    -5.79439    -5.86373   0.0235099
          70    -5.76254    -5.86228   0.0232184
          71    -5.74897    -5.86069   0.0229462
          72    -5.75355     -5.8592   0.0226757
          73    -5.89346    -5.85967   0.0223699
          74    -5.81464    -5.85906   0.0220759
          75    -5.69655    -5.85689   0.0218876
          76    -5.72867     -5.8552   0.0216646
          77    -5.69206    -5.85309   0.0214866
          78    -5.70707    -5.85121   0.0212925
          79    -5.63911    -5.84853   0.0211916
          80    -5.68553    -5.84649   0.0210244
          81    -5.77483    -5.84561   0.0207834
          82     -5.7919    -5.84495   0.0205403
          83    -5.78095    -5.84418   0.0203073
          84    -5.78888    -5.84352   0.0200762
          85     -5.7906     -5.8429   0.0198497
          86    -5.82966    -5.84275   0.0196195
          87    -5.75105    -5.84169   0.0194222
          88    -5.85718    -5.84187   0.0192023
          89    -5.83808    -5.84182   0.0189866
          90    -5.81856    -5.84157   0.0187774
          91    -5.74454     -5.8405   0.0186013
          92    -5.76539    -5.83968    0.018417
          93    -5.79682    -5.83922   0.0182248
          94    -5.74983    -5.83827   0.0180557
          95    -5.66906    -5.83649   0.0179533
          96    -5.63895    -5.83443   0.0178838
          97    -5.69668    -5.83301   0.0177557
          98    -5.68366    -5.83149   0.0176398
          99    -5.71956    -5.83036   0.0174978
         100    -5.69602    -5.82901   0.0173743
         101    -5.70727    -5.82781   0.0172441
         102     -5.7127    -5.82668   0.0171119
         103    -5.62992    -5.82477   0.0170521
         104    -5.63958    -5.82299   0.0169808
         105    -5.67212    -5.82155   0.0168798
         106    -5.72784    -5.82067   0.0167437
         107    -5.63474    -5.81893   0.0166771
         108    -5.59492    -5.81686   0.0166512
         109    -5.60704    -5.81493   0.0166093
         110    -5.65134    -5.81345   0.0165248
         111    -5.67144    -5.81217   0.0164253
         112    -5.71458    -5.81129   0.0163018
         113     -5.7464    -5.81072   0.0161676
         114    -5.62512    -5.80909   0.0161076
         115    -5.60956    -5.80736   0.0160607
         116    -5.48169    -5.80455   0.0161657
         117    -5.61911    -5.80296   0.0161051
         118    -5.55032    -5.80082   0.0161103
         119    -5.61125    -5.79923   0.0160535
         120    -5.56104    -5.79725   0.0160419
         121    -5.54234    -5.79514   0.0160471
         122    -5.57661    -5.79335   0.0160152
         123    -5.59129     -5.7917    0.015969
         124    -5.58053       -5.79   0.0159308
         125    -5.54002      -5.788   0.0159284
         126    -5.59782    -5.78649   0.0158733
         127    -5.58717    -5.78492   0.0158257
         128    -5.65027    -5.78387    0.015737
         129    -5.63877    -5.78275   0.0156552
         130    -5.65868    -5.78179   0.0155638
         131    -5.61686    -5.78053   0.0154959
         132    -5.65392    -5.77957   0.0154081
         133    -5.66192    -5.77869   0.0153176
         134    -5.61726    -5.77748   0.0152506
         135    -5.62713    -5.77637   0.0151783
         136    -5.69777    -5.77579   0.0150777
         137    -5.62689    -5.77471   0.0150067
         138    -5.75705    -5.77458   0.0148985
         139    -5.77473    -5.77458   0.0147914
         140    -5.74257    -5.77435   0.0146875
         141    -5.76616    -5.77429   0.0145834
         142    -5.71323    -5.77386   0.0144871
         143    -5.59938    -5.77264    0.014437
         144    -5.75878    -5.77255   0.0143371
         145    -5.71791    -5.77217   0.0142432
         146    -5.63105     -5.7712   0.0141784
         147    -5.74103      -5.771   0.0140834
         148    -5.77888    -5.77105   0.0139884
         149    -5.75612    -5.77095   0.0138948
         150     -5.6893    -5.77041   0.0138129
         151    -5.72302    -5.77009   0.0137249
         152    -5.67353    -5.76946   0.0136493
         153    -5.59208     -5.7683   0.0136093
         154    -5.62827    -5.76739   0.0135512
         155      -5.554    -5.76601   0.0135336
         156     -5.6671    -5.76538   0.0134617
         157    -5.69135    -5.76491   0.0133842
         158    -5.76171    -5.76489   0.0132995
         159    -5.73309    -5.76469   0.0132173
         160    -5.78425    -5.76481   0.0131353
         161    -5.80503    -5.76506   0.0130561
         162     -5.7796    -5.76515   0.0129758
         163    -5.77496    -5.76521   0.0128963
         164    -5.68478    -5.76472    0.012827
         165    -5.74552     -5.7646   0.0127498
         166    -5.72119    -5.76434   0.0126757
         167    -5.73177    -5.76414   0.0126013
         168    -5.69114    -5.76371   0.0125338
         169    -5.72555    -5.76348   0.0124616
         170    -5.72639    -5.76327   0.0123902
         171     -5.7202    -5.76301   0.0123203
         172    -5.72582     -5.7628   0.0122506
         173    -5.73491    -5.76264   0.0121809
         174    -5.67131    -5.76211   0.0121222
         175    -5.66217    -5.76154   0.0120663
         176    -5.61514    -5.76071   0.0120264
         177    -5.60052     -5.7598   0.0119925
         178    -5.52238    -5.75847    0.011999
         179    -5.67658    -5.75801   0.0119407
         180    -5.66976    -5.75752   0.0118845
         181    -5.62834    -5.75681   0.0118402
         182    -5.62928    -5.75611   0.0117959
         183    -5.63478    -5.75544     0.01175
         184    -5.68448    -5.75506   0.0116925
         185    -5.56892    -5.75405   0.0116725
         186     -5.5676    -5.75305   0.0116527
         187    -5.58435    -5.75215   0.0116253
         188    -5.56532    -5.75115   0.0116058
         189    -5.65769    -5.75066    0.011555
         190    -5.64058    -5.75008   0.0115087
         191    -5.63418    -5.74947   0.0114644
         192    -5.70804    -5.74926   0.0114067
         193    -5.64053    -5.74869   0.0113615
         194    -5.65856    -5.74823   0.0113124
         195    -5.58097    -5.74737   0.0112869
         196    -5.51314    -5.74618   0.0112924
         197    -5.49131    -5.74488   0.0113089
         198    -5.50862    -5.74369   0.0113146
         199    -5.52452    -5.74259   0.0113112
         200    -5.54023    -5.74158   0.0112998
         201    -5.61963    -5.74097   0.0112599
         202    -5.61082    -5.74033   0.0112226
         203    -5.60921    -5.73968   0.0111858
         204    -5.66135     -5.7393   0.0111376
         205    -5.60918    -5.73866   0.0111013
         206    -5.54198    -5.73771   0.0110884
         207    -5.51776    -5.73664   0.0110857
         208    -5.54773    -5.73574   0.0110695
         209    -5.44075    -5.73432   0.0111062
         210    -5.45092    -5.73298    0.011135
         211     -5.4901    -5.73182   0.0111415
         212    -5.61381    -5.73127   0.0111029
         213     -5.5612    -5.73047   0.0110794
         214    -5.67679    -5.73022   0.0110305
         215    -5.71177    -5.73013   0.0109795
         216    -5.63347    -5.72968   0.0109378
         217    -5.57275    -5.72896   0.0109113
         218    -5.64808    -5.72859   0.0108675
         219    -5.72131    -5.72856    0.010818
         220    -5.66675    -5.72828   0.0107724
         221    -5.56234    -5.72753   0.0107498
         222    -5.52043    -5.72659   0.0107418
         223    -5.58023    -5.72594   0.0107137
         224     -5.4881    -5.72487   0.0107183
         225    -5.40511    -5.72345   0.0107645
         226    -5.37054    -5.72189   0.0108295
         227    -5.30743    -5.72007   0.0109347
         228    -5.21554    -5.71785   0.0111084
         229    -5.21103    -5.71564   0.0112782
         230    -5.29057    -5.71379   0.0113796
         231     -5.3233     -5.7121   0.0114552
         232    -5.39379    -5.71073   0.0114877
         233    -5.33086     -5.7091   0.0115535
         234    -5.47467     -5.7081   0.0115474
         235    -5.41817    -5.70686    0.011564
         236    -5.28441    -5.70507   0.0116527
         237    -5.36385    -5.70363   0.0116922
         238    -5.22997    -5.70164   0.0118112
         239    -5.18209    -5.69947   0.0119602
         240    -5.29528    -5.69779   0.0120283
         241    -5.34038     -5.6963   0.0120695
         242      -5.422    -5.69517   0.0120727
         243    -5.36998    -5.69383    0.012097
         244    -5.37606    -5.69253   0.0121173
         245    -5.45735    -5.69157   0.0121058
         246    -5.42953     -5.6905   0.0121034
         247    -5.48005    -5.68965   0.0120843
         248    -5.46149    -5.68873   0.0120706
         249    -5.42427    -5.68767   0.0120687
         250     -5.3639    -5.68637   0.0120897
         251    -5.33721    -5.68498   0.0121214
         252    -5.38707     -5.6838   0.0121308
         253    -5.52072    -5.68316   0.0120999
         254    -5.56622     -5.6827    0.012061
         255    -5.52396    -5.68207   0.0120298
         256    -5.48382     -5.6813   0.0120077
         257    -5.52109    -5.68068   0.0119772
         258    -5.43913    -5.67974   0.0119673
         259    -5.52298    -5.67913   0.0119364
         260    -5.53293    -5.67857   0.0119037
         261    -5.52278    -5.67797    0.011873
         262    -5.60005    -5.67768   0.0118314
         263    -5.55984    -5.67723   0.0117949
         264     -5.5646     -5.6768    0.011758
         265    -5.46668    -5.67601   0.0117403
         266    -5.49341    -5.67532   0.0117162
         267    -5.55149    -5.67486   0.0116815
         268    -5.54245    -5.67437   0.0116484
         269    -5.54913     -5.6739   0.0116144
         270    -5.50339    -5.67327   0.0115885
         271    -5.48893    -5.67259   0.0115657
         272    -5.48361    -5.67189    0.011544
         273    -5.55131    -5.67145   0.0115102
         274    -5.60629    -5.67121   0.0114706
         275    -5.55411    -5.67079   0.0114368
         276    -5.47579    -5.67008   0.0114172
         277    -5.48199     -5.6694   0.0113962
         278    -5.52862     -5.6689   0.0113664
         279     -5.4601    -5.66815   0.0113503
         280    -5.50474    -5.66756   0.0113247
         281    -5.50225    -5.66698   0.0112997
         282    -5.50445     -5.6664   0.0112743
         283    -5.42297    -5.66554   0.0112672
         284    -5.44485    -5.66476   0.0112543
         285    -5.42683    -5.66393   0.0112458
         286    -5.39162    -5.66298   0.0112467
         287    -5.42766    -5.66216   0.0112373
         288    -5.38003    -5.66118   0.0112409
         289    -5.47771    -5.66054     0.01122
         290    -5.51096    -5.66003   0.0111931
         291    -5.55968    -5.65968     0.01116
         292    -5.49251    -5.65911   0.0111364
         293    -5.47525    -5.65848   0.0111161
         294    -5.50778    -5.65797   0.0110901
         295    -5.48625    -5.65739   0.0110677
         296    -5.51457     -5.6569   0.0110409
         297    -5.50894    -5.65641   0.0110149
         298    -5.59698    -5.65621   0.0109798
         299    -5.61756    -5.65608   0.0109438
         300    -5.55178    -5.65573   0.0109129
         301    -5.50648    -5.65523   0.0108879
         302    -5.39943    -5.65439   0.0108847
         303    -5.51109    -5.65391    0.010859
         304    -5.52066    -5.65347   0.0108322
         305    -5.41434    -5.65269    0.010825
         306    -5.39052    -5.65183   0.0108235
         307     -5.4152    -5.65106   0.0108156
         308    -5.48506    -5.65052   0.0107939
         309    -5.54927     -5.6502    0.010764
         310    -5.42378    -5.64947    0.010754
         311    -5.46776    -5.64888   0.0107353
         312     -5.4857    -5.64836   0.0107136
         313    -5.49286    -5.64786   0.0106909
         314    -5.52374    -5.64747   0.0106641
         315    -5.49202    -5.64697   0.0106417
         316    -5.47618    -5.64643   0.0106217
         317    -5.45825    -5.64584   0.0106048
         318    -5.56488    -5.64558   0.0105745
         319    -5.67353    -5.64567   0.0105417
         320    -5.65382     -5.6457   0.0105088
         321    -5.60709    -5.64558   0.0104768
         322    -5.53883    -5.64525   0.0104495
         323    -5.59302    -5.64508   0.0104184
         324    -5.58243    -5.64489    0.010388
         325    -5.62317    -5.64482   0.0103563
         326    -5.62213    -5.64475   0.0103247
         327    -5.62413    -5.64469   0.0102933
         328    -5.58031    -5.64449   0.0102638
         329    -5.62814    -5.64445   0.0102328
         330    -5.69019    -5.64458   0.0102027
         331    -5.58696    -5.64441   0.0101734
         332    -5.58746    -5.64424   0.0101442
         333    -5.64509    -5.64424   0.0101137
         334    -5.60876    -5.64413    0.010084
         335    -5.62482    -5.64408    0.010054
         336    -5.53742    -5.64376   0.0100291
         337    -5.61931    -5.64369  0.00999962
         338    -5.59471    -5.64354  0.00997109
         339    -5.53208    -5.64321   0.0099471
         340    -5.50851    -5.64282  0.00992573
         341    -5.50497    -5.64241  0.00990485
         342    -5.34124    -5.64153  0.00991496
         343    -5.36895    -5.64074  0.00991785
         344    -5.53208    -5.64042  0.00989404
         345    -5.57069    -5.64022  0.00986743
         346    -5.51544    -5.63986   0.0098455
         347    -5.51361    -5.63949  0.00982385
         348    -5.43231     -5.6389  0.00981364
         349     -5.4239    -5.63828  0.00980484
         350    -5.39618    -5.63759  0.00980119
         351    -5.42428    -5.63698  0.00979209
         352    -5.44233    -5.63643  0.00977988
         353    -5.39105    -5.63574  0.00977685
         354    -5.36659    -5.63498  0.00977875
         355    -5.34548    -5.63416  0.00978514
         356    -5.37507    -5.63343  0.00978469
         357    -5.41542    -5.63282  0.00977632
         358    -5.33016    -5.63198   0.0097855
         359    -5.28526    -5.63101  0.00980578
         360    -5.33098    -5.63018   0.0098139
         361     -5.3379    -5.62937  0.00982005
         362     -5.2602    -5.62835  0.00984574
         363     -5.3426    -5.62756  0.00985003
         364    -5.35169     -5.6268  0.00985208
         365    -5.35001    -5.62604  0.00985423
         366    -5.18002    -5.62483  0.00990238
         367    -5.23071    -5.62375  0.00993345
         368    -5.31609    -5.62292  0.00994158
         369    -5.33504    -5.62214   0.0099452
         370    -5.34535    -5.62139  0.00994642
         371    -5.34896    -5.62065  0.00994668
         372    -5.29007    -5.61976  0.00995956
         373    -5.33513      -5.619  0.00996205
         374    -5.29149    -5.61813  0.00997383
         375    -5.22711    -5.61708   0.0100016
         376    -5.29067    -5.61621   0.0100126
         377    -5.35508    -5.61552     0.01001
         378    -5.38234    -5.61491   0.0100025
         379    -5.42864    -5.61441  0.00998815
         380    -5.38512    -5.61381  0.00998007
         381    -5.29791    -5.61298  0.00998826
         382    -5.35071    -5.61229  0.00998568
         383    -5.44715    -5.61186  0.00996891
         384    -5.38595    -5.61128   0.0099603
         385    -5.38645    -5.61069  0.00995153
         386    -5.32001    -5.60994   0.0099542
         387    -5.40064     -5.6094  0.00994316
         388    -5.40218    -5.60886  0.00993187
         389    -5.32566    -5.60814  0.00993298
         390    -5.29573    -5.60733  0.00993976
         391    -5.32059     -5.6066  0.00994136
         392    -5.39507    -5.60606  0.00993063
         393     -5.4326    -5.60562  0.00991517
         394    -5.39206    -5.60508  0.00990481
         395    -5.45361    -5.60469  0.00988715
         396    -5.40549    -5.60419  0.00987497
         397    -5.45019     -5.6038  0.00985771
         398    -5.45318    -5.60342  0.00984021
         399    -5.45412    -5.60305  0.00982266
         400    -5.42988    -5.60262  0.00980764
         401    -5.49924    -5.60236  0.00978657
         402    -5.50808    -5.60213  0.00976503
         403    -5.45141    -5.60175  0.00974796
         404    -5.43897    -5.60135  0.00973215
         405    -5.41957     -5.6009  0.00971847
         406    -5.41303    -5.60044  0.00970554
         407    -5.32078    -5.59975  0.00970599
         408    -5.27501    -5.59895  0.00971478
         409    -5.36795    -5.59839  0.00970743
         410    -5.38342    -5.59786   0.0096979
         411    -5.36257    -5.59729  0.00969119
         412    -5.51349    -5.59709   0.0096698
         413    -5.52388    -5.59691  0.00964801
         414    -5.51651    -5.59672  0.00962666
         415    -5.44825    -5.59636  0.00961011
         416    -5.42322    -5.59594  0.00959602
         417     -5.3992    -5.59547   0.0095846
         418    -5.41135    -5.59503  0.00957179
         419    -5.42789    -5.59463  0.00955725
         420    -5.42829    -5.59424   0.0095427
         421    -5.39022    -5.59375  0.00953233
         422    -5.38516    -5.59326  0.00952255
         423    -5.38925    -5.59278  0.00951224
         424    -5.43733    -5.59241  0.00949687
         425    -5.41578    -5.59199  0.00948361
         426     -5.5042    -5.59179  0.00946359
         427    -5.40809    -5.59136   0.0094512
         428    -5.47905    -5.59109  0.00943276
         429    -5.47096    -5.59081  0.00941492
         430     -5.5164    -5.59064  0.00939462
         431    -5.54975    -5.59055   0.0093733
         432     -5.3988     -5.5901  0.00936211
         433    -5.43753    -5.58975  0.00934711
         434    -5.35489    -5.58921  0.00934123
         435    -5.37755    -5.58872  0.00933242
         436    -5.40813    -5.58831   0.0093202
         437    -5.42823    -5.58794  0.00930607
         438    -5.54593    -5.58785  0.00928532
         439     -5.5316    -5.58772  0.00926505
         440    -5.53582     -5.5876  0.00924474
         441    -5.46597    -5.58732  0.00922789
         442     -5.4819    -5.58709   0.0092101
         443    -5.54587    -5.58699  0.00918978
         444    -5.63712    -5.58711  0.00916977
         445    -5.69813    -5.58735  0.00915256
         446    -5.62948    -5.58745  0.00913253
         447    -5.60146    -5.58748  0.00911215
         448    -5.50721     -5.5873  0.00909357
         449    -5.56018    -5.58724  0.00907352
         450    -5.44247    -5.58692  0.00905906
         451    -5.45488    -5.58663   0.0090437
         452    -5.52983     -5.5865  0.00902457
         453    -5.53253    -5.58638  0.00900543
         454    -5.57028    -5.58635  0.00898566
         455    -5.59856    -5.58637  0.00896596
         456    -5.53712    -5.58627  0.00894694
         457    -5.58824    -5.58627  0.00892737
         458     -5.5129    -5.58611  0.00890931
         459    -5.50956    -5.58594  0.00889146
         460    -5.53972    -5.58584   0.0088727
         461     -5.5395    -5.58574  0.00885402
         462    -5.44834    -5.58544  0.00883985
         463    -5.41528    -5.58508   0.0088284
         464    -5.44284    -5.58477  0.00881469
         465    -5.51168    -5.58461  0.00879714
         466     -5.4708    -5.58437  0.00878165
         467     -5.4902    -5.58417  0.00876516
         468    -5.55059     -5.5841  0.00874672
         469    -5.53229    -5.58398  0.00872877
         470    -5.46092    -5.58372  0.00871413
         471    -5.42659    -5.58339  0.00870201
         472    -5.36205    -5.58292   0.0086962
         473     -5.2632    -5.58224  0.00870404
         474    -5.44911    -5.58196  0.00869021
         475    -5.52027    -5.58183  0.00867289
         476    -5.44002    -5.58154  0.00865978
         477    -5.44801    -5.58126  0.00864615
         478    -5.42887    -5.58094  0.00863394
         479    -5.33729    -5.58043  0.00863088
         480    -5.36284    -5.57997   0.0086248
         481    -5.28456    -5.57936  0.00862871
         482    -5.28806    -5.57876  0.00863194
         483    -5.33518    -5.57825  0.00862879
         484    -5.29601    -5.57767  0.00863064
         485    -5.39263    -5.57729  0.00862128
         486    -5.46879    -5.57706  0.00860643
         487    -5.43734    -5.57678  0.00859354
         488    -5.49904    -5.57662   0.0085774
         489    -5.50227    -5.57647  0.00856121
         490    -5.49088    -5.57629  0.00854552
         491    -5.47572    -5.57609  0.00853057
         492    -5.53255      -5.576  0.00851369
         493    -5.49407    -5.57583  0.00849804
         494    -5.43814    -5.57555  0.00848541
         495    -5.46448    -5.57533  0.00847123
         496    -5.46715    -5.57511  0.00845696
         497    -5.47356    -5.57491  0.00844241
         498    -5.39563    -5.57455  0.00843313
         499    -5.47319    -5.57434  0.00841868
         500    -5.48803    -5.57417  0.00840361
         501    -5.45241    -5.57393  0.00839035
         502    -5.48081    -5.57374  0.00837569
         503    -5.47681    -5.57355  0.00836125
         504    -5.48788    -5.57338  0.00834639
         505    -5.39934    -5.57303  0.00833698
         506    -5.48676    -5.57286  0.00832224
         507    -5.43484    -5.57259  0.00831028
         508    -5.45329    -5.57236  0.00829724
         509    -5.33127    -5.57188  0.00829445
         510    -5.38503    -5.57152  0.00828627
         511    -5.49984    -5.57138  0.00827124
         512    -5.40664    -5.57106  0.00826134
         513    -5.42047    -5.57076  0.00825045
         514    -5.55066    -5.57072  0.00823449
         515     -5.5202    -5.57062  0.00821909
         516    -5.52575    -5.57054  0.00820362
         517     -5.5391    -5.57048  0.00818798
         518    -5.47234    -5.57029  0.00817436
         519    -5.51475    -5.57018  0.00815931
         520    -5.51164    -5.57007   0.0081444
         521    -5.45795    -5.56985  0.00813161
         522     -5.4287    -5.56958  0.00812052
         523    -5.37035     -5.5692  0.00811393
         524    -5.41906    -5.56891   0.0081035
         525    -5.41084    -5.56861  0.00809366
         526    -5.37854    -5.56825  0.00808633
         527    -5.34463    -5.56783  0.00808211
         528    -5.36219    -5.56744  0.00807619
         529    -5.31811    -5.56697  0.00807466
         530    -5.40046    -5.56665  0.00806553
         531      -5.384    -5.56631  0.00805768
         532    -5.48148    -5.56615  0.00804411
         533    -5.42189    -5.56588  0.00803357
         534    -5.51189    -5.56578  0.00801916
         535    -5.53321    -5.56572   0.0080044
         536    -5.44907     -5.5655  0.00799243
         537    -5.44728    -5.56528  0.00798057
         538    -5.44573    -5.56506  0.00796883
         539    -5.33821    -5.56464  0.00796515
         540    -5.21717    -5.56399  0.00797635
         541     -5.1981    -5.56332  0.00799023
         542    -5.22873     -5.5627   0.0079993
         543     -5.2436    -5.56211  0.00800612
         544     -5.2935    -5.56162  0.00800662
         545    -5.22274      -5.561  0.00801604
         546    -5.30805    -5.56053  0.00801473
         547     -5.3614    -5.56017  0.00800834
         548    -5.48636    -5.56003  0.00799486
         549     -5.4448    -5.55982  0.00798305
         550    -5.43159    -5.55959  0.00797194
         551    -5.47551    -5.55944  0.00795893
         552    -5.54091     -5.5594  0.00794459
         553    -5.41035    -5.55913  0.00793479
         554    -5.40105    -5.55885   0.0079256
         555    -5.40302    -5.55857  0.00791629
         556    -5.44574    -5.55837  0.00790465
         557    -5.40466    -5.55809  0.00789528
         558    -5.36189    -5.55774  0.00788895
         559    -5.33874    -5.55735  0.00788456
         560    -5.38762    -5.55704   0.0078763
         561    -5.32814    -5.55664  0.00787283
         562    -5.38341    -5.55633  0.00786485
         563    -5.38069    -5.55602  0.00785706
         564    -5.34543    -5.55564    0.007852
         565    -5.39026    -5.55535  0.00784356
         566    -5.28806    -5.55488   0.0078439
         567    -5.31571    -5.55445   0.0078414
         568     -5.2756    -5.55396  0.00784295
         569    -5.35872    -5.55362  0.00783667
         570    -5.41936    -5.55339  0.00782646
         571     -5.3942    -5.55311  0.00781772
         572    -5.32773    -5.55271  0.00781397
         573    -5.39871    -5.55244  0.00780495
         574    -5.45666    -5.55228  0.00779314
         575    -5.38398    -5.55198  0.00778508
         576    -5.40022    -5.55172  0.00777602
         577    -5.44904    -5.55154  0.00776458
         578    -5.36777    -5.55122  0.00775766
         579     -5.3478    -5.55087  0.00775221
         580    -5.47516    -5.55074  0.00773994
         581    -5.56418    -5.55077  0.00772666
         582    -5.49641    -5.55067  0.00771394
         583    -5.43852    -5.55048  0.00770311
         584    -5.49372    -5.55038  0.00769053
         585    -5.41473    -5.55015  0.00768088
         586    -5.43576    -5.54996  0.00767026
         587    -5.42689    -5.54975  0.00766005
         588    -5.42474    -5.54953  0.00764998
         589    -5.45948    -5.54938  0.00763852
         590    -5.44423     -5.5492  0.00762765
         591    -5.46208    -5.54906  0.00761617
         592    -5.49329    -5.54896  0.00760388
         593    -5.44754    -5.54879  0.00759298
         594    -5.41176    -5.54856   0.0075837
         595    -5.41841    -5.54834  0.00757411
         596    -5.38677    -5.54807  0.00756625
         597    -5.42581    -5.54786  0.00755635
         598     -5.4887    -5.54777  0.00754436
         599    -5.47338    -5.54764  0.00753279
         600    -5.50546    -5.54757  0.00752056
         601    -5.51252    -5.54751  0.00750828
         602    -5.45518    -5.54736  0.00749737
         603    -5.46598    -5.54722  0.00748615
         604     -5.4313    -5.54703  0.00747622
         605    -5.49053    -5.54694  0.00746444
         606    -5.44132    -5.54677  0.00745416
         607    -5.37842    -5.54649  0.00744704
         608    -5.37096     -5.5462  0.00744038
         609    -5.40508    -5.54597  0.00743177
         610    -5.40496    -5.54574  0.00742318
         611    -5.47155    -5.54561  0.00741203
         612    -5.43386    -5.54543  0.00740217
         613    -5.50223    -5.54536  0.00739043
         614    -5.47566    -5.54525  0.00737926
         615    -5.55872    -5.54527  0.00736729
         616    -5.56032    -5.54529  0.00735538
         617    -5.56024    -5.54532  0.00734349
         618    -5.56513    -5.54535  0.00733168
         619    -5.62418    -5.54548  0.00732094
         620    -5.46711    -5.54535  0.00731023
         621    -5.47694    -5.54524  0.00729928
         622    -5.53236    -5.54522  0.00728758
         623    -5.57353    -5.54527  0.00727602
         624    -5.43744    -5.54509  0.00726641
         625    -5.44999    -5.54494  0.00725638
         626    -5.49836    -5.54487  0.00724517
         627    -5.48661    -5.54477  0.00723421
         628    -5.47296    -5.54466   0.0072236
         629    -5.44402     -5.5445  0.00721388
         630    -5.47953     -5.5444  0.00720317
         631    -5.44986    -5.54425  0.00719331
         632    -5.44711    -5.54409  0.00718357
         633    -5.43507    -5.54392  0.00717429
         634    -5.34909    -5.54361  0.00716955
         635    -5.39287    -5.54338  0.00716219
         636    -5.36445    -5.54309  0.00715645
         637     -5.2797    -5.54268  0.00715715
         638    -5.28907    -5.54228  0.00715696
         639    -5.34755    -5.54198  0.00715225
         640    -5.36397     -5.5417  0.00714648
         641    -5.49259    -5.54162  0.00713574
         642    -5.49181    -5.54155  0.00712505
         643    -5.52597    -5.54152  0.00711401
         644    -5.46782    -5.54141  0.00710388
         645    -5.61183    -5.54152  0.00709371
         646    -5.51163    -5.54147  0.00708288
         647    -5.50328    -5.54141  0.00707218
         648     -5.4731    -5.54131  0.00706205
         649    -5.39783    -5.54109  0.00705463
         650    -5.35298     -5.5408   0.0070497
         651    -5.33542    -5.54048  0.00704593
         652    -5.28601    -5.54009  0.00704593
         653    -5.33849    -5.53978   0.0070419
         654    -5.38319    -5.53954   0.0070352
         655    -5.49535    -5.53947  0.00702478
         656     -5.4684    -5.53937  0.00701491
         657    -5.39343    -5.53914  0.00700775
         658    -5.41758    -5.53896  0.00699953
         659    -5.47896    -5.53887   0.0069895
         660    -5.37592    -5.53862  0.00698327
         661    -5.35713    -5.53835   0.0069781
         662     -5.3816    -5.53811  0.00697158
         663    -5.40119     -5.5379  0.00696412
         664    -5.39658    -5.53769  0.00695688
         665    -5.41795    -5.53751  0.00694875
         666    -5.44105    -5.53737  0.00693983
         667    -5.38868    -5.53714    0.006933
         668    -5.30989     -5.5368  0.00693097
         669    -5.36677    -5.53655  0.00692526
         670    -5.46993    -5.53645  0.00691564
         671    -5.56375    -5.53649  0.00690545
         672    -5.45402    -5.53637  0.00689627
         673    -5.51148    -5.53633  0.00688612
         674    -5.53702    -5.53633   0.0068759
         675    -5.50158    -5.53628  0.00686591
         676    -5.54874     -5.5363  0.00685578
         677    -5.51212    -5.53626  0.00684574
         678      -5.499    -5.53621  0.00683587
         679    -5.55825    -5.53624  0.00682588
         680       -5.62    -5.53636  0.00681695
         681     -5.7017    -5.53661  0.00681126
         682    -5.57839    -5.53667  0.00680155
         683    -5.50388    -5.53662  0.00679176
         684    -5.53394    -5.53662  0.00678183
         685    -5.48307    -5.53654  0.00677238
         686    -5.46985    -5.53644  0.00676321
         687    -5.40373    -5.53625  0.00675612
         688    -5.40998    -5.53606   0.0067488
         689    -5.48774    -5.53599  0.00673936
         690     -5.4198    -5.53582   0.0067317
         691    -5.49601    -5.53577  0.00672221
         692    -5.45111    -5.53564   0.0067136
         693    -5.46518    -5.53554  0.00670469
         694    -5.49565    -5.53549  0.00669527
         695    -5.45505    -5.53537  0.00668664
         696    -5.48379     -5.5353  0.00667744
         697    -5.49734    -5.53524  0.00666808
         698    -5.60329    -5.53534  0.00665924
         699      -5.559    -5.53537   0.0066498
         700    -5.54494    -5.53539  0.00664032
         701    -5.58318    -5.53545  0.00663119
         702    -5.51774    -5.53543   0.0066218
         703    -5.46123    -5.53532  0.00661322
         704     -5.4026    -5.53513  0.00660651
         705     -5.5447    -5.53515  0.00659715
         706    -5.50171     -5.5351  0.00658798
         707    -5.51184    -5.53507  0.00657874
         708    -5.52842    -5.53506  0.00656946
         709    -5.46962    -5.53497  0.00656084
         710    -5.56126      -5.535  0.00655171
         711    -5.55451    -5.53503  0.00654255
         712    -5.50017    -5.53498  0.00653354
         713    -5.49844    -5.53493  0.00652458
         714    -5.48773    -5.53486  0.00651578
         715    -5.39715    -5.53467  0.00650951
         716    -5.45582    -5.53456  0.00650135
         717     -5.4679    -5.53447  0.00649295
         718    -5.44674    -5.53435  0.00648505
         719    -5.48266    -5.53427  0.00647643
         720    -5.37386    -5.53405  0.00647127
         721    -5.31289    -5.53375  0.00646956
         722    -5.32598    -5.53346    0.006467
         723    -5.37548    -5.53324  0.00646174
         724    -5.49861    -5.53319  0.00645299
         725    -5.50652    -5.53315   0.0064442
         726    -5.46389    -5.53306  0.00643603
         727     -5.4087    -5.53289  0.00642945
         728    -5.47989    -5.53282  0.00642103
         729    -5.45828    -5.53271  0.00641303
         730    -5.38093    -5.53251  0.00640762
         731    -5.22998    -5.53209   0.0064122
         732    -5.36362    -5.53186  0.00640757
         733    -5.37819    -5.53165  0.00640226
         734    -5.35514    -5.53141  0.00639805
         735    -5.34674    -5.53116  0.00639428
         736    -5.32358    -5.53088  0.00639181
         737    -5.27751    -5.53053  0.00639237
         738    -5.17296    -5.53005  0.00640205
         739    -5.27389     -5.5297  0.00640276
         740    -5.32326    -5.52942  0.00640019
         741    -5.41987    -5.52928  0.00639326
         742    -5.47127     -5.5292  0.00638512
         743    -5.44118    -5.52908  0.00637762
         744    -5.44964    -5.52897  0.00636994
         745    -5.40303     -5.5288  0.00636364
         746    -5.48903    -5.52875  0.00635533
         747    -5.53005    -5.52875  0.00634682
         748     -5.4591    -5.52866  0.00633902
         749    -5.45386    -5.52856  0.00633134
         750    -5.40398    -5.52839  0.00632508
         751     -5.4883    -5.52834  0.00631688
         752     -5.4329    -5.52821  0.00630976
         753    -5.42556    -5.52808  0.00630285
         754    -5.42082    -5.52793   0.0062961
         755    -5.28938    -5.52762  0.00629568
         756    -5.43793     -5.5275  0.00628847
         757    -5.41501    -5.52735  0.00628192
         758    -5.41477     -5.5272  0.00627539
         759    -5.35171    -5.52697  0.00627138
         760    -5.38561    -5.52678  0.00626588
         761    -5.33145    -5.52653   0.0062629
         762    -5.35368     -5.5263  0.00625879
         763    -5.44214    -5.52619  0.00625156
         764    -5.46261    -5.52611  0.00624393
         765    -5.34283    -5.52587  0.00624036
         766     -5.3729    -5.52567  0.00623541
         767    -5.44109    -5.52556  0.00622826
         768    -5.41905    -5.52542  0.00622169
         769     -5.3847    -5.52524  0.00621629
         770    -5.35992    -5.52502  0.00621192
         771    -5.35069     -5.5248  0.00620798
         772    -5.42014    -5.52466  0.00620142
         773    -5.47617     -5.5246  0.00619372
         774    -5.59041    -5.52468   0.0061863
         775    -5.57273    -5.52474  0.00617863
         776    -5.54293    -5.52477  0.00617071
         777    -5.53215    -5.52478  0.00616277
         778    -5.49998    -5.52475  0.00615493
         779     -5.5124    -5.52473  0.00614705
         780    -5.44581    -5.52463  0.00614001
         781    -5.51889    -5.52462  0.00613215
         782    -5.59675    -5.52471    0.006125
         783    -5.48446    -5.52466  0.00611739
         784    -5.56361    -5.52471  0.00610979
         785    -5.54408    -5.52474  0.00610206
         786    -5.56132    -5.52478  0.00609447
         787    -5.45204    -5.52469  0.00608743
         788     -5.4506     -5.5246  0.00608043
         789    -5.38047    -5.52441  0.00607547
         790    -5.33385    -5.52417  0.00607256
         791    -5.41366    -5.52403  0.00606649
         792    -5.42905    -5.52391  0.00606002
         793    -5.50439    -5.52389  0.00605243
         794    -5.43763    -5.52378  0.00604578
         795    -5.52918    -5.52379  0.00603818
         796    -5.47797    -5.52373  0.00603087
         797    -5.41672    -5.52359  0.00602479
         798    -5.44717     -5.5235  0.00601801
         799    -5.43088    -5.52338  0.00601159
         800    -5.54666    -5.52341  0.00600415
         801    -5.48895    -5.52337   0.0059968
         802    -5.47938    -5.52331  0.00598958
         803    -5.38894    -5.52315  0.00598446
         804    -5.33885    -5.52292   0.0059814
         805    -5.39774    -5.52276  0.00597599
         806    -5.36798    -5.52257  0.00597166
         807    -5.41535    -5.52244  0.00596574
         808    -5.26701    -5.52212  0.00596673
         809     -5.3021    -5.52185  0.00596555
         810    -5.35444    -5.52164  0.00596176
         811    -5.33419    -5.52141  0.00595889
         812    -5.32194    -5.52117  0.00595661
         813    -5.33449    -5.52094  0.00595371
         814     -5.3423    -5.52072  0.00595044
         815    -5.30841    -5.52046  0.00594884
         816    -5.43284    -5.52035  0.00594252
         817    -5.44217    -5.52025  0.00593601
         818    -5.56977    -5.52031  0.00592906
         819    -5.57699    -5.52038  0.00592223
         820    -5.55275    -5.52042  0.00591514
         821    -5.57713    -5.52049  0.00590834
         822    -5.43899    -5.52039  0.00590198
         823    -5.43845    -5.52029  0.00589565
         824    -5.44948    -5.52021  0.00588912
         825    -5.42764    -5.52009  0.00588305
         826    -5.33927    -5.51988     0.00588
         827    -5.32505    -5.51964  0.00587761
         828    -5.32343     -5.5194  0.00587528
         829    -5.30308    -5.51914  0.00587399
         830    -5.33001    -5.51891  0.00587133
         831    -5.38657    -5.51875  0.00586642
         832    -5.39983    -5.51861  0.00586111
         833    -5.39767    -5.51847  0.00585588
         834    -5.31153    -5.51822  0.00585411
         835    -5.31896    -5.51798  0.00585196
         836    -5.30155    -5.51772  0.00585068
         837    -5.12592    -5.51725  0.00586239
         838    -5.13483     -5.5168  0.00587313
         839    -5.29512    -5.51653  0.00587207
         840    -5.23344     -5.5162  0.00587474
         841    -5.40655    -5.51607   0.0058692
         842    -5.39424    -5.51592  0.00586402
         843    -5.45141    -5.51584  0.00585756
         844    -5.49092    -5.51581  0.00585069
         845     -5.4888    -5.51578  0.00584386
         846    -5.46047    -5.51572  0.00583731
         847    -5.39345    -5.51557  0.00583221
         848    -5.33274    -5.51536  0.00582931
         849     -5.3119    -5.51512  0.00582737
         850    -5.30945    -5.51488  0.00582554
         851    -5.34542    -5.51468  0.00582209
         852    -5.34769    -5.51448  0.00581856
         853     -5.2554    -5.51418  0.00581966
         854    -5.30152    -5.51393  0.00581817
         855    -5.36524    -5.51375  0.00581396
         856    -5.36816    -5.51358  0.00580966
         857    -5.33337    -5.51337  0.00580668
         858    -5.33025    -5.51316  0.00580384
         859    -5.34067    -5.51296  0.00580055
         860    -5.32788    -5.51274   0.0057978
         861    -5.34094    -5.51254   0.0057945
         862    -5.38841     -5.5124  0.00578957
         863    -5.39143    -5.51226  0.00578455
         864    -5.39816    -5.51213  0.00577937
         865    -5.32383    -5.51191  0.00577678
         866    -5.34229    -5.51171  0.00577343
         867    -5.38565    -5.51157   0.0057686
         868    -5.35829    -5.51139  0.00576466
         869    -5.34168     -5.5112  0.00576133
         870    -5.51834    -5.51121  0.00575472
         871    -5.44139    -5.51113  0.00574867
         872    -5.41103    -5.51101  0.00574322
         873    -5.42485    -5.51091  0.00573749
         874    -5.49811     -5.5109  0.00573094
         875    -5.48054    -5.51086   0.0057245
         876    -5.47495    -5.51082  0.00571811
         877    -5.50041    -5.51081   0.0057116
         878    -5.45118    -5.51074   0.0057055
         879    -5.48487    -5.51071  0.00569909
         880     -5.5476    -5.51075  0.00569277
         881    -5.54311    -5.51079  0.00568642
         882    -5.54432    -5.51083   0.0056801
         883    -5.47625    -5.51079   0.0056738
         884    -5.47325    -5.51075  0.00566754
         885    -5.50475    -5.51074  0.00566114
         886    -5.43536    -5.51066  0.00565539
         887    -5.48684    -5.51063  0.00564908
         888    -5.35028    -5.51045  0.00564561
         889     -5.3563    -5.51027  0.00564192
         890    -5.33566    -5.51008  0.00563899
         891     -5.4564    -5.51002  0.00563298
         892    -5.44539    -5.50995  0.00562713
         893     -5.4712     -5.5099    0.005621
         894     -5.4989    -5.50989  0.00561472
         895    -5.56701    -5.50995  0.00560881
         896    -5.60193    -5.51006  0.00560349
         897    -5.53898    -5.51009  0.00559734
         898    -5.50175    -5.51008  0.00559111
         899    -5.57713    -5.51015  0.00558539
         900    -5.60114    -5.51026   0.0055801
         901     -5.5676    -5.51032  0.00557427
         902    -5.63269    -5.51045  0.00556974
         903    -5.64097     -5.5106  0.00556545
         904    -5.65371    -5.51076  0.00556154
         905    -5.68025    -5.51094  0.00555855
         906    -5.63238    -5.51108  0.00555403
         907    -5.60688    -5.51118  0.00554891
         908    -5.63592    -5.51132   0.0055445
         909    -5.57498    -5.51139  0.00553884
         910    -5.54286    -5.51143  0.00553286
         911    -5.49344    -5.51141  0.00552683
         912      -5.484    -5.51138  0.00552085
         913    -5.51063    -5.51138   0.0055148
         914    -5.53858    -5.51141  0.00550885
         915    -5.55765    -5.51146  0.00550306
         916    -5.66035    -5.51162  0.00549945
         917    -5.52663    -5.51163  0.00549348
         918    -5.60152    -5.51173  0.00548837
         919    -5.44961    -5.51167  0.00548281
         920    -5.49759    -5.51165  0.00547687
         921    -5.46295     -5.5116  0.00547118
         922    -5.44126    -5.51152  0.00546578
         923    -5.36573    -5.51136  0.00546214
         924    -5.45369     -5.5113  0.00545658
         925     -5.4671    -5.51125  0.00545089
         926    -5.41164    -5.51114  0.00544607
         927    -5.50094    -5.51113  0.00544021
         928     -5.5425    -5.51117  0.00543445
         929     -5.5549    -5.51121   0.0054288
         930    -5.54483    -5.51125  0.00542308
         931     -5.5248    -5.51127  0.00541728
         932    -5.44415    -5.51119  0.00541195
         933    -5.50378    -5.51119  0.00540615
         934    -5.60534    -5.51129   0.0054013
         935    -5.50056    -5.51127  0.00539554
         936    -5.50339    -5.51127  0.00538978
         937    -5.41092    -5.51116  0.00538509
         938     -5.5607    -5.51121  0.00537961
         939    -5.60895    -5.51132  0.00537489
         940    -5.55788    -5.51137   0.0053694
         941    -5.50544    -5.51136   0.0053637
         942    -5.52671    -5.51138  0.00535803
         943    -5.49612    -5.51136  0.00535237
         944    -5.48634    -5.51133  0.00534676
         945    -5.55863    -5.51138  0.00534134
         946    -5.57535    -5.51145  0.00533612
         947    -5.56298    -5.51151  0.00533077
         948      -5.617    -5.51162   0.0053263
         949    -5.64264    -5.51175  0.00532248
         950     -5.6544     -5.5119  0.00531899
         951    -5.69446     -5.5121  0.00531686
         952    -5.58787    -5.51218  0.00531188
         953     -5.6181    -5.51229  0.00530746
         954    -5.57115    -5.51235  0.00530226
         955       -5.58    -5.51242  0.00529718
         956    -5.65266    -5.51257  0.00529367
         957    -5.50279    -5.51256  0.00528815
         958    -5.42913    -5.51247  0.00528335
         959    -5.43427    -5.51239  0.00527847
         960     -5.4635    -5.51234  0.00527321
         961    -5.52497    -5.51235  0.00526774
         962     -5.5203    -5.51236  0.00526227
         963      -5.536    -5.51238  0.00525687
         964    -5.51851    -5.51239  0.00525142
         965    -5.52952    -5.51241    0.005246
         966    -5.38088    -5.51227  0.00524234
         967    -5.34242     -5.5121  0.00523986
         968    -5.32369     -5.5119  0.00523806
         969    -5.46974    -5.51186  0.00523284
         970    -5.47173    -5.51182   0.0052276
         971    -5.47846    -5.51178  0.00522233
         972    -5.48517    -5.51175  0.00521703
         973    -5.44034    -5.51168  0.00521219
         974    -5.44794    -5.51162  0.00520725
         975    -5.50807    -5.51161  0.00520191
         976    -5.48397    -5.51158  0.00519665
         977    -5.48891    -5.51156  0.00519139
         978    -5.41987    -5.51147  0.00518693
         979    -5.54471     -5.5115  0.00518174
         980    -5.52325    -5.51151  0.00517647
         981    -5.50464    -5.51151  0.00517119
         982    -5.44638    -5.51144  0.00516635
         983    -5.40193    -5.51133   0.0051623
         984    -5.30586    -5.51112  0.00516127
         985    -5.29648     -5.5109  0.00516063
         986    -5.24887    -5.51063  0.00516224
         987    -5.21956    -5.51034  0.00516542
         988    -5.16298    -5.50999  0.00517214
         989     -5.2465    -5.50972  0.00517377
         990    -5.28034    -5.50949  0.00517373
         991    -5.36813    -5.50935  0.00517048
         992    -5.23646    -5.50907  0.00517258
         993    -5.21377    -5.50878  0.00517591
         994    -5.21566    -5.50848   0.0051791
         995    -5.29913    -5.50827  0.00517816
         996    -5.31246    -5.50807  0.00517669
         997    -5.33955     -5.5079  0.00517426
         998    -5.50495     -5.5079  0.00516908
         999    -5.50981     -5.5079   0.0051639
        1000    -5.53168    -5.50793  0.00515879
