85.1984
85.3391
85.3391
85.3391
85.3391
85.3391
85.3391
85.3391
85.3391
85.3391
85.3391
85.3391
85.3391
85.3391
85.3391
85.3391
85.3391
85.3391
85.3391
85.3391
85.3391
85.3391
85.3391
85.3391
85.3391
85.3391
85.3391
85.3391
85.3391
85.3391
85.3391
85.3391
85.3391
85.3391
85.3391
85.3391
85.3391
85.3391
85.3391
85.3391
85.3391
85.3391
85.3391
85.3391
85.3391
85.3391
85.3391
85.3391
85.3391
85.3391
85.3391
85.3391
85.3391
85.3391
85.3391
85.3391
85.3391
85.3391
85.3391
85.3391
85.3391
85.3391
85.3391
85.3391
85.3391
85.3391
85.3391
85.3391
85.3391
85.3391
85.3391
85.3391
85.3391
85.3391
85.3391
85.3391
85.3391
85.3391
85.3391
85.3391
85.3391
85.3391
85.3391
85.3391
85.3391
85.3391
85.3391
85.3391
85.3391
85.3391
85.3391
85.3391
85.3391
85.3391
85.3391
85.3391
85.3391
85.3391
85.3391
85.3391
85.3391
85.3391
85.3391
85.3391
85.3391
85.3391
85.3391
85.3391
85.3391
85.3391
85.3391
85.3391
85.3391
85.3391
85.3391
85.3391
85.3391
85.3391
85.3391
85.3391
85.3391
85.3391
85.3391
85.3391
85.3391
85.3391
85.3391
85.3391
85.3391
85.3391
85.3391
85.3391
85.3391
85.3391
85.3391
85.3391
85.3391
85.3391
85.3391
85.3391
85.3391
85.3391
85.3391
85.3391
85.3391
85.3391
85.3391
85.3391
85.3391
85.3391
85.3391
85.3391
85.3391
85.3391
85.3391
85.3391
85.3391
85.3391
85.3391
85.3391
85.3391
85.3391
85.3391
85.3391
85.3391
85.3391
85.3391
85.3391
85.3391
85.3391
85.3391
85.3391
85.3391
85.3391
85.3391
85.3391
85.3391
85.3391
85.3391
85.3391
85.3391
85.3391
85.3391
85.3391
85.3391
85.3391
85.3391
85.3391
85.3391
85.3391
85.3391
85.3391
85.3391
85.3391
85.3391
85.3391
85.3391
85.3391
85.3391
85.3391
85.3391
85.3391
85.3391
85.3391
85.3391
85.3391
85.3391
85.3391
85.3391
85.3391
85.3391
85.3391
85.3391
85.3391
85.3391
85.3391
85.3391
85.3391
85.3391
85.3391
85.3391
85.3391
85.3391
85.3391
85.3391
85.3391
85.3391
85.3391
85.3391
85.3391
85.3391
85.3391
85.3391
85.3391
85.3391
85.3391
85.3391
85.3391
85.3391
85.3391
85.3391
85.3391
85.3391
85.3391
85.3391
85.3391
85.3391
85.3391
85.3391
85.3391
85.3391
85.3391
85.3391
85.3391
85.3391
85.3391
85.3391
85.3391
85.3391
85.3391
85.3391
85.3391
85.3391
85.3391
85.3391
85.3391
85.3391
85.3391
85.3391
85.3391
85.3391
85.3391
85.3391
85.3391
85.3391
85.3391
85.3391
85.3391
85.3391
85.3391
85.3391
85.3391
85.3391
85.6894
85.7046
85.7048
85.7048
85.7048
85.7048
85.7048
85.7048
85.7048
85.7048
85.7048
85.7048
85.7048
85.7048
85.7048
85.7048
85.7048
85.7048
85.7048
85.7048
85.7048
85.7048
85.7048
85.7048
85.7048
85.7048
85.7048
85.9217
85.9217
85.9217
85.9217
85.9217
85.9217
85.9217
85.9217
85.9217
85.9217
85.9217
85.9217
85.9217
85.9217
85.9217
85.9217
85.9217
85.9217
85.9217
85.9217
85.9217
85.9217
85.9217
86.0355
86.0355
86.0355
86.0355
86.0355
86.0355
86.0355
86.0355
86.0355
86.0355
86.0355
86.0355
86.0355
86.0355
86.0355
86.0355
86.0355
86.0355
86.0355
86.0355
86.0355
86.0355
86.0355
86.0355
86.0355
86.0355
86.0355
86.0355
86.0355
86.0355
86.0355
86.0355
86.0355
86.0355
86.0355
86.0355
86.0355
86.0355
86.0355
86.0355
86.0355
86.0355
86.0355
86.0355
86.0355
86.0355
86.0355
86.0355
86.0355
86.0355
86.0355
86.0355
86.0355
86.0355
86.0355
86.0355
86.0355
86.0355
86.0355
86.0355
86.0355
86.0355
86.0355
86.0355
86.0355
86.0355
86.0355
86.0355
86.0355
86.0355
86.0355
86.0355
86.0355
86.0355
86.0355
86.0355
86.0355
86.0355
86.0355
86.0355
86.0355
86.0355
86.0355
86.0355
86.0355
86.0355
86.0355
86.0355
86.0355
86.0355
86.0355
86.0355
86.0355
86.0355
86.0355
86.0355
86.0355
86.0355
86.0355
86.0355
86.0355
86.0355
86.0355
86.0355
86.0355
86.0355
86.0355
86.0355
86.0355
86.0355
86.0355
86.0355
86.0355
86.0355
86.0355
86.0355
86.0355
86.0355
86.0355
86.0355
86.0355
86.0355
86.0856
86.0856
86.0856
86.0856
86.0856
86.0856
86.0856
86.0856
86.0856
86.0856
86.0856
86.0856
86.0856
86.0856
86.0856
86.0856
86.0856
86.0856
86.0856
86.0856
86.0856
86.0856
86.0856
86.0856
86.0856
86.0856
86.0856
86.0856
86.0856
86.0856
86.0856
86.0856
86.0856
86.0856
86.0856
86.0856
86.0856
86.0856
86.0856
86.0856
86.0856
86.0856
86.0856
86.0856
86.0856
86.0856
86.0856
86.0856
86.0856
86.0856
86.0856
86.0856
86.0856
86.0856
86.0856
86.0856
86.0856
86.0856
86.0856
86.0856
86.0856
86.0856
86.0856
86.0856
86.0856
86.0856
86.0856
86.0856
86.0856
86.0856
86.0856
86.0856
86.0856
86.0856
86.0856
86.0856
86.0856
86.0856
86.0856
86.0856
86.0856
86.0856
86.0856
86.0856
86.0856
86.0856
86.0856
86.0856
86.0856
86.0856
86.0856
86.0856
86.0856
86.0856
86.0856
86.0856
86.1364
86.1569
86.3135
86.416
86.416
86.6153
86.6153
86.6593
86.6593
86.7679
86.8949
87.0374
87.0834
87.2378
87.3871
87.5637
87.6061
87.643
87.6901
87.7344
87.7516
87.8385
87.8788
87.9145
87.9145
87.994
88.1751
88.2951
88.2951
88.3333
88.4422
88.542
88.5786
88.9674
89.2597
89.2857
89.5686
89.6395
90.1336
90.1336
90.1463
90.4402
90.4555
90.6673
90.9383
91.1348
91.2398
91.2595
91.3317
91.4464
91.7445
91.7572
91.8579
91.8579
92.0773
92.0874
92.3699
92.4532
92.4928
92.5421
92.9565
92.9749
93.0905
93.4352
93.6171
93.6419
93.7453
93.7453
93.7516
93.9502
94.0778
94.2627
94.4462
94.4462
94.4462
94.4665
94.9569
95.793
95.8473
95.9425
95.978
96.1347
96.1452
96.5977
96.75
96.7581
97.9615
98.351
98.4492
98.4865
98.6371
98.8915
99.3983
99.5977
99.6348
99.7804
99.8481
100.086
100.086
100.086
100.173
100.547
100.843
101.234
101.717
101.981
102.362
102.388
102.423
102.501
102.554
102.886
103.158
103.168
103.168
103.251
103.397
103.682
103.819
104.168
104.37
105.048
105.115
105.28
106.158
106.377
106.467
106.701
106.895
107.418
107.623
107.863
108.077
108.271
108.407
109.651
109.743
109.953
110.125
110.37
110.7
112.354
112.731
113.21
113.601
115.037
115.081
115.357
116.053
117.797
117.797
117.866
117.911
118.616
118.616
118.905
118.907
119.186
119.224
119.572
119.95
120.033
120.578
120.585
121.729
122.268
122.31
122.322
122.402
122.431
122.592
122.65
122.671
123.044
123.528
123.592
124.103
124.264
124.447
125.004
125.364
125.466
126.011
126.2
126.494
126.494
126.747
127.046
127.421
127.52
127.52
127.89
128.192
128.34
128.839
128.912
130.097
130.198
130.422
130.491
131.696
131.804
131.829
132.252
133.16
133.664
133.755
133.755
133.869
134.052
134.701
134.952
135.149
135.322
135.678
136.573
136.686
136.793
136.816
137.103
137.334
137.723
138.281
138.692
139.576
139.88
140.543
140.797
140.797
140.797
140.803
141.481
142.252
142.308
143.402
144.606
144.613
144.881
145.019
145.214
145.33
145.656
146.589
146.743
147.682
148.131
148.453
149.151
150.329
150.41
150.492
150.533
150.914
151.916
152.195
153.11
153.11
153.11
153.331
153.771
155.078
155.884
156.134
157.368
158.073
158.073
158.073
158.618
159.662
160.611
161.13
161.705
163.65
163.85
164.009
164.35
164.897
165.042
165.398
166.11
166.284
166.302
166.633
166.756
166.793
167.35
167.465
167.578
168.326
168.74
169.891
170.15
170.206
170.847
172.919
173.837
174.552
176.174
177.579
177.693
177.848
178.952
179.221
179.413
179.911
180.31
181.737
181.764
181.798
183.212
183.325
186.91
187.24
187.68
188.88
189.084
189.361
189.361
190.861
191.559
192.492
192.7
195.077
195.427
195.937
196.2
196.919
198.264
198.506
198.816
200.305
200.837
201.123
201.43
201.731
203.802
204.446
206.084
206.55
206.68
207.16
207.295
207.338
207.717
207.868
210.166
211.414
211.963
212.26
212.913
214.105
214.5
214.628
215.79
216.267
218.017
218.17
220.545
221.087
222.753
223.668
224.517
225.399
225.399
226.073
226.482
226.635
227.433
227.532
228.413
230.098
231.198
232.428
233.65
235.897
235.897
237.595
238.536
239.749
239.826
243.082
244.534
245.722
245.868
250.644
251.187
252.611
252.758
254.246
256.993
258.43
264.526
270.118
270.529
273.061
274.855
275.278
275.533
275.893
278.906
280.273
289.23
291.602
294.712
295.061
297.131
297.442
298.938
300.749
303.27
311.201
312.848
313.767
314.976
318.091
320.356
320.621
320.621
320.866
328.359
331.288
336.361
337.832
344.819
358.074
374.679
376.888
380.4
385.009
385.666
391.466
399.897
423.172
424.142
425.887
430.631
439.728
442.777
451.56
459.507
464.932
492.215
492.663
498.803
505.384
551.475
720.377
16749
142604
95.3
4319.64
67.25
4392.93
