# generation:     mean_loss:           best_loss:
1                  2456.13                  2126.06
2                  2186.68                  1845.03
3                  1902.01                  1726.04
4                  1761.81                   1641.6
5                  1680.78                  1547.25
6                  1582.47                  1455.61
7                  1479.86                  1378.89
8                  1385.79                  1265.53
9                  1293.85                  1243.05
10                  1249.93                  1187.11
11                  1202.16                  1113.54
12                  1139.22                   1070.9
13                  1090.42                  1043.32
14                  1054.39                  1016.37
15                  1026.81                  989.963
16                  1001.37                  959.487
17                  972.858                  929.977
18                  938.308                  908.034
19                  915.991                  881.302
20                  891.822                  850.415
21                  862.824                  824.316
22                  835.986                    808.4
23                  815.905                  785.958
24                  794.625                  767.189
25                  773.925                  749.266
26                  756.544                  709.407
27                  724.244                  664.931
28                  687.165                  644.706
29                  653.166                  618.512
30                  630.337                  599.992
31                  605.115                  588.161
32                  592.354                  563.162
33                  572.374                  549.835
34                  556.589                  536.637
35                  539.547                  516.383
36                  526.726                  503.452
37                  511.997                  485.426
38                   494.89                  477.866
39                  483.465                   471.66
40                  474.764                  464.923
41                  467.503                  452.905
42                  457.721                  436.517
43                  442.923                  418.172
44                  425.483                  406.275
45                  411.556                   386.83
46                  396.898                  373.896
47                  380.268                   366.21
48                  370.206                  359.326
49                   362.04                  352.968
50                  355.655                  340.071
51                  345.687                  326.782
52                  332.577                  320.732
53                  323.504                  303.092
54                  312.793                  297.565
55                  299.363                  279.259
56                   288.79                  275.961
57                    277.5                  270.881
58                  273.077                  267.558
59                  268.015                  256.246
60                  262.368                  255.791
61                  255.962                   244.12
62                  251.234                  241.267
63                  244.382                  238.363
64                  240.386                  231.321
65                  234.602                  224.599
66                  227.057                  218.062
67                  221.913                  215.884
68                   217.21                  211.992
69                  213.922                   208.49
70                  210.249                  206.297
71                  207.389                   204.27
72                   205.21                  196.434
73                  200.505                  188.928
74                  191.618                  188.288
75                  188.642                  187.856
76                  188.073                  184.041
77                  186.305                  179.801
78                  182.002                  178.711
79                  179.341                  178.018
80                  178.335                  177.739
81                  177.863                  175.837
82                  177.008                  174.251
83                  175.369                  172.405
84                  173.341                   169.48
85                  171.302                   169.48
86                  169.478                  168.535
87                  169.079                    165.8
88                  167.429                  164.061
89                   164.89                  162.871
90                  163.541                  162.717
91                  162.806                  162.187
92                   162.47                  160.958
93                  161.716                  159.429
94                  159.927                  158.653
95                  158.852                  158.123
96                   158.23                  157.408
97                  157.838                  157.408
98                  157.405                  156.445
99                  156.938                  151.796
100                  154.858                  151.064
101                  151.597                  150.486
102                   150.82                  147.357
103                  149.208                  145.525
104                  146.627                  145.387
105                  145.467                  145.387
106                  145.383                  143.801
107                  144.724                  142.479
108                  142.906                   141.06
109                  141.744                  138.886
110                   139.66                  137.352
111                   138.03                  136.703
112                  137.039                  136.638
113                  136.659                  135.238
114                  135.958                  134.338
115                  134.803                  133.834
116                  134.143                  133.531
117                   133.71                  133.531
118                  133.529                  132.782
119                  133.186                  132.782
120                  132.782                  132.782
121                  132.781                  132.358
122                  132.576                  129.723
123                  131.285                  128.514
124                  129.027                  127.683
125                  128.052                  127.625
126                  127.655                  126.901
127                  127.245                  126.901
128                  126.901                  126.547
129                  126.736                  124.848
130                  125.675                  124.848
131                  124.846                  123.913
132                  124.414                  122.065
133                  123.039                   120.11
134                  121.186                  120.066
135                  120.068                  118.427
136                  119.193                  117.712
137                  118.131                  117.222
138                  117.494                  117.066
139                  117.139                  117.066
140                  117.066                  117.066
141                  117.066                  117.066
142                  117.066                  117.066
143                  117.065                   116.49
144                  116.854                  115.974
145                  116.275                  115.662
146                  115.817                  115.662
147                  115.662                  115.645
148                  115.654                  115.645
149                  115.645                  115.645
150                  115.645                  115.645
151                  115.645                  115.645
152                  115.645                  115.521
153                  115.598                  115.521
154                  115.521                  115.521
155                  115.517                   114.01
156                   114.84                   114.01
157                   114.01                   114.01
158                   114.01                   114.01
159                   114.01                   114.01
160                   114.01                   114.01
161                   114.01                   114.01
162                   114.01                  113.708
163                  113.885                  113.708
164                  113.708                  113.673
165                   113.69                  112.677
166                  113.305                  112.202
167                  112.418                  112.065
168                  112.137                  111.892
169                   111.95                  111.643
170                  111.767                  111.313
171                  111.447                  110.718
172                  111.089                   110.66
173                  110.697                   110.66
174                   110.66                   110.66
175                   110.66                   110.66
176                   110.66                   110.48
177                  110.583                  110.393
178                  110.436                  110.393
179                  110.393                  110.351
180                  110.377                  110.351
181                  110.351                  110.351
182                  110.351                  110.351
183                  110.351                  110.351
184                  110.351                  110.351
185                  110.351                  110.351
186                  110.351                  110.351
187                  110.351                  110.351
188                   110.35                  109.862
189                  110.117                  109.862
190                  109.862                  109.862
191                  109.862                  109.862
192                  109.862                  109.826
193                  109.836                  107.588
194                  108.743                  107.588
195                  107.588                  107.522
196                  107.557                  107.022
197                  107.335                  107.022
198                  107.022                  107.022
199                  107.022                  107.022
200                  107.022                  107.022
201                  107.022                  107.022
202                  107.022                  107.022
203                  107.022                  107.022
204                  107.022                  107.022
205                  107.022                  107.022
206                  107.022                  106.837
207                  106.953                  106.815
208                   106.83                  106.466
209                  106.697                  106.259
210                    106.3                  106.259
211                  106.258                  106.006
212                  106.152                  105.997
213                  106.001                  105.595
214                  105.828                  105.595
215                  105.595                  105.595
216                  105.595                  105.595
217                  105.595                  105.595
218                  105.595                  105.595
219                  105.595                  105.595
220                  105.595                  105.595
221                  105.595                  105.595
222                  105.592                  104.445
223                   105.17                  104.445
224                  104.445                  104.445
225                  104.445                  104.445
226                  104.445                  104.445
227                  104.445                  104.445
228                  104.445                  104.445
229                  104.443                  103.684
230                  104.107                  103.684
231                  103.684                  103.684
232                  103.684                  103.684
233                  103.684                  103.456
234                  103.587                  103.456
235                  103.448                  101.737
236                  102.582                  101.737
237                  101.737                  101.717
238                  101.727                  101.625
239                  101.702                  101.605
240                  101.708                  101.605
241                  101.605                  101.605
242                  101.605                  101.605
243                  101.605                  101.605
244                  101.605                  101.491
245                  101.555                  101.491
246                  101.491                  101.491
247                  101.491                  101.491
248                  101.491                  101.491
249                  101.491                  101.491
250                  101.491                  101.491
251                  101.491                  101.491
252                  101.491                  101.491
253                  101.491                  101.491
254                   101.49                  100.993
255                  101.281                  100.993
256                  100.993                  100.993
257                  100.993                  100.993
258                  100.993                  100.993
259                  100.993                  100.993
260                  100.993                  100.993
261                  100.993                  100.993
262                  100.993                  100.993
263                  100.993                  100.832
264                  100.918                  100.524
265                   100.71                  100.363
266                  100.408                  100.363
267                  100.363                  100.363
268                  100.363                  100.363
269                  100.363                  100.363
270                  100.363                  100.363
271                  100.363                  100.363
272                  100.363                  100.363
273                  100.361                  99.7138
274                  100.078                  99.7138
275                  99.7138                  99.7138
276                  99.7138                  99.7138
277                  99.7135                  99.5904
278                  99.6648                  99.5358
279                   99.566                  99.5358
280                  99.5358                  99.5358
281                  99.5358                  99.5358
282                  99.5358                  99.5358
283                  99.5358                  99.5358
284                   99.535                  99.1112
285                  99.3657                  99.1112
286                  99.1112                  99.1112
287                  99.1109                  98.9601
288                  99.0421                  98.7133
289                  98.8418                  98.5858
290                  98.6546                  98.5858
291                  98.5858                  98.5858
292                  98.5858                  98.5858
293                  98.5858                  98.5858
294                  98.5858                  98.5858
295                  98.5858                  98.5858
296                  98.5858                  98.5858
297                  98.5858                  98.5858
298                  98.5858                  98.5858
299                  98.5858                  98.5858
300                  98.5858                  98.5858
301                  98.5858                  98.5858
302                  98.5853                  98.2871
303                   98.443                  98.2871
304                  98.2871                  98.2871
305                  98.2871                  98.2871
306                  98.2871                  98.2871
307                  98.2871                  98.2871
308                  98.2871                  98.2871
309                  98.2871                  98.2871
310                  98.2871                  98.2871
311                  98.2871                  98.2871
312                  98.2871                  98.2871
313                  98.2867                  98.1247
314                  98.2115                  98.0864
315                  98.1093                  98.0864
316                  98.0864                  98.0864
317                  98.0864                  98.0864
318                  98.0864                  98.0864
319                  98.0864                  98.0864
320                  98.0864                  98.0864
321                  98.0864                  98.0864
322                  98.0864                  98.0864
323                  98.0864                  98.0864
324                  98.0864                  98.0864
325                  98.0864                  98.0864
326                  98.0864                  98.0864
327                  98.0864                  98.0864
328                  98.0864                  98.0864
329                  98.0864                  98.0864
330                  98.0864                  98.0864
331                  98.0864                  98.0864
332                  98.0864                  98.0864
333                  98.0864                  98.0864
334                  98.0864                  98.0864
335                  98.0864                  98.0864
336                  98.0864                  98.0864
337                  98.0864                  98.0864
338                  98.0864                  98.0864
339                  98.0863                  98.0052
340                  98.0525                  98.0052
341                  98.0052                  98.0052
342                  98.0052                  98.0052
343                  98.0052                  98.0052
344                  98.0052                  98.0052
345                  98.0052                  98.0052
346                  98.0052                  98.0052
347                  98.0052                  98.0052
348                  98.0052                  98.0052
349                  98.0052                  98.0052
350                  98.0052                  98.0052
351                  98.0052                  98.0052
352                  98.0052                  98.0052
353                  98.0052                  98.0052
354                  98.0052                  98.0052
355                  98.0052                  98.0052
356                  98.0052                  98.0052
357                  98.0052                  98.0052
358                  98.0052                  98.0052
359                  98.0052                  98.0052
360                  98.0052                  98.0052
361                  98.0052                  98.0052
362                  98.0052                  98.0052
363                  98.0052                  98.0052
364                  98.0052                  98.0052
365                  98.0052                  98.0052
366                  98.0052                  98.0052
367                  98.0052                  98.0052
368                  98.0052                  98.0052
369                  98.0052                  98.0052
370                  98.0052                  98.0052
371                  98.0052                  98.0052
372                  98.0052                  98.0052
373                  98.0052                  98.0052
374                  98.0052                  98.0052
375                  98.0052                  98.0052
376                  98.0052                  98.0052
377                  98.0052                  98.0052
378                  98.0052                  98.0052
379                  98.0052                  98.0052
380                  98.0052                  98.0052
381                  98.0052                  98.0052
382                  98.0052                  98.0052
383                  98.0052                  98.0052
384                  98.0052                  98.0052
385                  98.0052                  98.0052
386                  98.0052                  98.0052
387                  98.0052                  98.0052
388                  98.0052                  98.0052
389                  98.0052                  98.0052
390                  98.0052                  98.0052
391                  98.0052                  98.0052
392                  98.0052                  98.0052
393                  98.0052                  98.0052
394                  98.0052                  98.0052
395                  98.0052                  98.0052
396                  98.0052                  98.0052
397                  98.0052                  98.0052
398                  98.0052                  98.0052
399                  98.0052                  98.0052
400                  98.0052                  98.0052
401                  98.0052                  98.0052
402                   98.005                  97.9123
403                  97.9632                   97.896
404                  97.9046                   97.896
405                   97.896                   97.896
406                   97.896                   97.896
407                   97.896                   97.896
408                   97.896                   97.896
409                   97.896                   97.896
410                   97.896                   97.896
411                   97.896                   97.896
412                   97.896                   97.896
413                  97.8953                  97.5605
414                  97.7531                  97.5605
415                  97.5605                  97.5605
416                  97.5605                  97.5605
417                  97.5605                  97.5605
418                  97.5605                  97.5605
419                  97.5605                  97.5605
420                  97.5605                  97.5605
421                  97.5605                  97.5605
422                  97.5568                  95.7058
423                  96.6617                  95.7058
424                  95.7058                  95.7058
425                  95.7058                  95.7058
426                  95.7058                  95.7058
427                  95.7058                  95.7058
428                  95.7022                  93.9403
429                  95.3466                  93.9403
430                  94.1738                  93.9403
431                  93.9403                  93.9403
432                  93.9403                  93.9403
433                  93.9403                  93.9403
434                  93.9403                  93.9403
435                  93.9403                  93.9403
436                  93.9403                  93.9403
437                  93.9403                  93.9403
438                  93.9403                  93.9403
439                  93.9403                  93.9403
440                  93.9366                  92.0998
441                  93.0971                  92.0998
442                  92.0998                  92.0998
443                  92.0998                  92.0998
444                  92.0998                  92.0998
445                  92.0998                  92.0998
446                  92.0998                  92.0998
447                  92.0998                  92.0998
448                  92.0998                  92.0998
449                  92.0998                  92.0998
450                  92.0998                  92.0998
451                  92.0981                  91.2133
452                  91.6956                  91.2133
453                  91.2133                  91.2133
454                  91.2133                  91.2133
455                  91.2133                  91.2133
456                  91.2133                  91.2133
457                  91.2133                  91.2133
458                  91.2133                  91.2133
459                  91.2133                  91.2133
460                  91.2133                  91.2133
461                  91.2133                  91.2133
462                  91.2133                  91.2133
463                  91.2133                  91.2133
464                  91.2133                  91.2133
465                  91.2133                  91.2133
466                  91.2133                  91.2133
467                  91.2133                  91.2133
468                  91.2133                  91.2133
469                  91.2133                  91.2133
470                  91.2133                  91.2133
471                  91.2132                  91.1578
472                  91.1936                  91.1578
473                  91.1578                  91.1578
474                  91.1578                  91.1578
475                  91.1578                  91.1578
476                  91.1578                  91.1578
477                  91.1578                  91.1578
478                  91.1578                  91.1578
479                  91.1578                  91.1578
480                  91.1578                  91.1578
481                  91.1578                  91.1578
482                  91.1578                  91.1578
483                  91.1578                  91.1578
484                  91.1578                  91.1578
485                  91.1578                  91.1578
486                  91.1578                  91.1578
487                  91.1578                  91.1578
488                  91.1578                  91.1578
489                  91.1578                  91.1578
490                  91.1578                  91.1578
491                  91.1578                  91.1578
492                  91.1578                  91.1578
493                  91.1578                  91.1578
494                  91.1578                  91.1578
495                  91.1578                  91.1578
496                  91.1578                  91.1578
497                  91.1578                  91.1578
498                  91.1563                  90.3857
499                  90.8892                  90.3857
500                  90.3857                  90.3857
501                  90.3857                  90.3857
502                  90.3857                  90.3857
503                  90.3857                  90.3857
504                  90.3857                  90.3857
505                  90.3857                  90.3857
506                  90.3857                  90.3857
507                  90.3857                  90.3857
508                  90.3857                  90.3857
509                  90.3857                  90.3857
510                  90.3857                  90.3857
511                  90.3857                  90.3857
512                  90.3857                  90.3857
513                  90.3857                  90.3857
514                  90.3857                  90.3857
515                  90.3857                  90.3857
516                  90.3857                  90.3857
517                  90.3857                  90.3857
518                  90.3857                  90.3857
519                  90.3857                  90.3857
520                  90.3857                  90.3857
521                  90.3857                  90.3857
522                  90.3857                  90.3857
523                  90.3857                  90.3857
524                  90.3857                  90.3857
525                  90.3857                  90.3857
526                  90.3857                  90.3857
527                  90.3857                  90.3857
528                  90.3857                  90.3857
529                  90.3857                  90.3857
530                  90.3857                  90.3857
531                  90.3857                  90.3857
532                  90.3857                  90.3857
533                  90.3857                  90.3857
534                  90.3857                  90.3857
535                  90.3857                  90.3857
536                  90.3857                  90.3857
537                  90.3857                  90.3857
538                  90.3857                  90.3857
539                  90.3857                  90.3857
540                  90.3857                  90.3857
541                  90.3857                  90.3857
542                  90.3857                  90.3857
543                  90.3857                  90.3857
544                  90.3857                  90.3857
545                  90.3857                  90.3857
546                  90.3857                  90.3857
547                  90.3857                  90.3857
548                  90.3857                  90.3857
549                  90.3857                  90.3857
550                  90.3857                  90.3857
551                  90.3857                  90.3857
552                  90.3857                  90.3857
553                  90.3857                  90.3857
554                  90.3857                  90.3857
555                  90.3857                  90.3857
556                  90.3857                  90.3857
557                  90.3857                  90.3857
558                  90.3857                  90.3857
559                  90.3857                  90.3857
560                  90.3857                  90.3857
561                  90.3857                  90.3857
562                  90.3857                  90.3857
563                  90.3857                  90.3857
564                  90.3857                  90.3857
565                  90.3857                  90.3857
566                  90.3857                  90.3857
567                  90.3857                  90.3857
568                  90.3857                  90.3857
569                  90.3857                  90.3857
570                  90.3857                  90.3857
571                  90.3857                  90.3857
572                  90.3857                  90.3857
573                  90.3857                  90.3857
574                  90.3857                  90.3857
575                  90.3857                  90.3857
576                  90.3843                  89.6881
577                  90.0855                  89.6881
578                  89.6881                  89.6881
579                  89.6881                  89.6881
580                  89.6881                  89.6881
581                  89.6881                  89.6881
582                  89.6881                  89.6881
583                  89.6881                  89.6881
584                  89.6881                  89.6881
585                  89.6881                  89.6881
586                  89.6881                  89.6881
587                  89.6881                  89.6881
588                  89.6881                  89.6881
589                  89.6873                  89.3026
590                  89.5053                  89.3026
591                  89.3026                  89.3026
592                  89.3026                  89.3026
593                  89.3026                  89.3026
594                  89.3026                  89.3026
595                  89.3026                  89.3026
596                  89.3026                  89.3026
597                  89.3026                  89.3026
598                  89.3026                  89.3026
599                  89.3026                  89.3026
600                  89.3026                  89.3026
601                  89.3026                  89.3026
602                  89.3026                  89.3026
603                  89.3026                  89.3026
604                  89.3026                  89.3026
605                  89.3026                  89.3026
606                  89.3026                  89.3026
607                  89.3026                  89.3026
608                  89.3026                  89.3026
609                  89.3026                  89.3026
610                  89.3026                  89.3026
611                  89.3026                  89.3026
612                  89.3026                  89.3026
613                  89.3026                  89.3026
614                  89.3026                  89.3026
615                  89.3026                  89.3026
616                  89.3026                  89.3026
617                  89.3026                  89.3026
618                  89.3026                  89.3026
619                  89.3026                  89.3026
620                  89.3026                  89.3026
621                  89.3026                  89.3026
622                  89.3026                  89.3026
623                  89.3026                  89.3026
624                  89.3026                  89.3026
625                  89.3026                  89.3026
626                  89.3026                  89.3026
627                  89.3026                  89.3026
628                  89.3026                  89.3026
629                  89.3026                  89.3026
630                  89.3026                  89.3026
631                  89.3026                  89.3026
632                  89.3026                  89.3026
633                  89.3026                  89.3026
634                  89.3026                  89.3026
635                  89.3026                  89.3026
636                  89.3026                  89.3026
637                  89.3026                  89.3026
638                  89.3026                  89.3026
639                  89.3026                  89.3026
640                  89.3026                  89.3026
641                  89.3026                  89.3026
642                  89.3026                  89.3026
643                  89.3026                  89.3026
644                  89.3026                  89.3026
645                  89.3026                  89.3026
646                  89.3026                  89.3026
647                  89.3026                  89.3026
648                  89.3026                  89.3026
649                  89.3026                  89.3026
650                  89.3026                  89.3026
651                  89.3026                  89.3026
652                  89.3026                  89.3026
653                  89.3026                  89.3026
654                  89.3026                  89.3026
655                  89.3026                  89.3026
656                  89.3026                  89.3026
657                  89.3026                  89.3026
658                  89.3026                  89.3026
659                  89.3026                  89.3026
660                  89.3026                  89.3026
661                  89.3026                  89.3026
662                  89.3026                  89.3026
663                  89.3026                  89.3026
664                  89.3026                  89.3026
665                  89.3026                  89.3026
666                  89.3026                  89.3026
667                  89.3026                  89.3026
668                  89.3026                  89.3026
669                  89.3026                  89.3026
670                  89.3026                  89.3026
671                  89.3026                  89.3026
672                  89.3026                  89.3026
673                  89.3026                  89.3026
674                  89.3026                  89.3026
675                  89.3026                  89.3026
676                  89.3026                  89.3026
677                  89.3026                  89.3026
678                  89.3026                  89.3026
679                  89.3026                  89.3026
680                  89.3026                  89.3026
681                  89.3026                  89.3026
682                  89.3026                  89.3026
683                  89.3026                  89.3026
684                  89.3026                  89.3026
685                  89.3026                  89.3026
686                  89.3026                  89.3026
687                  89.3026                  89.3026
688                  89.3026                  89.3026
689                  89.3026                  89.3026
690                  89.3026                  89.3026
691                  89.3026                  89.3026
692                  89.3026                  89.3026
693                  89.3026                  89.3026
694                  89.3026                  89.3026
695                  89.3026                  89.3026
696                  89.3026                  89.3026
697                  89.3026                  89.3026
698                  89.3026                  89.3026
699                  89.3026                  89.3026
700                  89.3026                  89.3026
701                  89.3026                  89.3026
702                  89.3026                  89.3026
703                  89.3026                  89.3026
704                  89.3026                  89.3026
705                  89.3026                  89.3026
706                  89.3026                  89.3026
707                  89.3026                  89.3026
708                  89.3026                  89.3026
709                  89.3026                  89.3026
710                  89.3026                  89.3026
711                  89.3026                  89.3026
712                  89.3026                  89.3026
713                  89.3026                  89.3026
714                  89.3026                  89.3026
715                  89.3026                  89.3026
716                  89.3026                  89.3026
717                  89.3026                  89.3026
718                  89.3026                  89.3026
719                  89.3026                  89.3026
720                  89.3026                  89.3026
721                  89.3026                  89.3026
722                  89.3026                  89.3026
723                  89.3026                  89.3026
724                  89.3026                  89.3026
725                  89.3026                  89.3026
726                  89.3026                  89.3026
727                  89.3026                  89.3026
728                  89.3026                  89.3026
729                  89.3026                  89.3026
730                  89.3026                  89.3026
731                  89.3026                  89.3026
732                  89.3026                  89.3026
733                  89.3026                  89.3026
734                  89.3026                  89.3026
735                  89.3026                  89.3026
736                  89.3026                  89.3026
737                  89.3026                  89.3026
738                  89.3026                  89.3026
739                  89.3026                  89.3026
740                  89.3026                  89.3026
741                  89.3026                  89.3026
742                  89.3026                  89.3026
743                  89.3026                  89.3026
744                  89.3026                  89.3026
745                  89.3026                  89.3026
746                  89.3026                  89.3026
747                  89.3026                  89.3026
748                  89.3026                  89.3026
749                  89.3026                  89.3026
750                  89.3026                  89.3026
751                  89.3026                  89.3026
752                  89.3026                  89.3026
753                  89.3026                  89.3026
754                  89.3026                  89.3026
755                  89.3026                  89.3026
756                  89.3026                  89.3026
757                  89.3026                  89.3026
758                  89.3026                  89.3026
759                  89.3026                  89.3026
760                  89.3026                  89.3026
761                  89.3026                  89.3026
762                  89.3026                  89.3026
763                  89.3026                  89.3026
764                  89.3026                  89.3026
765                  89.3026                  89.3026
766                  89.3026                  89.3026
767                  89.3026                  89.3026
768                  89.3026                  89.3026
769                  89.3026                  89.3026
770                  89.3026                  89.3026
771                  89.3026                  89.3026
772                  89.3026                  89.3026
773                  89.3026                  89.3026
774                  89.3026                  89.3026
775                  89.3026                  89.3026
776                  89.3026                  89.3026
777                  89.3026                  89.3026
778                  89.3026                  89.3026
779                  89.3026                  89.3026
780                  89.3026                  89.3026
781                  89.3026                  89.3026
782                  89.3026                  89.3026
783                  89.3026                  89.3026
784                  89.3026                  89.3026
785                  89.3026                  89.3026
786                  89.3026                  89.3026
787                  89.3026                  89.3026
788                  89.3026                  89.3026
789                  89.3026                  89.3026
790                  89.3026                  89.3026
791                  89.3026                  89.3026
792                  89.3026                  89.3026
793                  89.3026                  89.3026
794                  89.3026                  89.3026
795                  89.3026                  89.3026
796                  89.3026                  89.3026
797                  89.3026                  89.3026
798                  89.3026                  89.3026
799                  89.3026                  89.3026
800                  89.3026                  89.3026
801                  89.3026                  89.3026
802                  89.3026                  89.3026
803                  89.3026                  89.3026
804                  89.3026                  89.3026
805                  89.3026                  89.3026
806                  89.3026                  89.3026
807                  89.3026                  89.3026
808                  89.3026                  89.3026
809                  89.3026                  89.3026
810                  89.3026                  89.3026
811                  89.3026                  89.3026
812                  89.3026                  89.3026
813                  89.3026                  89.3026
814                  89.3026                  89.3026
815                  89.3026                  89.3026
816                  89.3026                  89.3026
817                  89.3026                  89.3026
818                  89.3026                  89.3026
819                  89.3026                  89.3026
820                  89.3026                  89.3026
821                  89.3026                  89.3026
822                  89.3026                  89.3026
823                  89.3026                  89.3026
824                  89.3026                  89.3026
825                  89.3026                  89.3026
826                  89.3026                  89.3026
827                  89.3026                  89.3026
828                  89.3026                  89.3026
829                  89.3026                  89.3026
830                  89.3026                  89.3026
831                  89.3026                  89.3026
832                  89.3026                  89.3026
833                  89.3026                  89.3026
834                  89.3026                  89.3026
835                  89.3026                  89.3026
836                  89.3026                  89.3026
837                  89.3026                  89.3026
838                  89.3026                  89.3026
839                  89.3026                  89.3026
840                  89.3026                  89.3026
841                  89.3026                  89.3026
842                  89.3026                  89.3026
843                  89.3026                  89.3026
844                  89.3026                  89.3026
845                  89.3026                  89.3026
846                  89.3026                  89.3026
847                  89.3026                  89.3026
848                  89.3026                  89.3026
849                  89.3026                  89.3026
850                  89.3026                  89.3026
851                  89.3026                  89.3026
852                  89.3026                  89.3026
853                  89.3026                  89.3026
854                  89.3026                  89.3026
855                  89.3026                  89.3026
856                  89.3026                  89.3026
857                  89.3026                  89.3026
858                  89.3026                  89.3026
859                  89.3026                  89.3026
860                  89.3026                  89.3026
861                  89.3026                  89.3026
862                  89.3026                  89.3026
863                  89.3026                  89.3026
864                  89.3026                  89.3026
865                  89.3026                  89.3026
866                  89.3026                  89.3026
867                  89.3026                  89.3026
868                  89.3026                  89.3026
869                  89.3026                  89.3026
870                  89.3026                  89.3026
871                  89.3026                  89.3026
872                  89.3026                  89.3026
873                  89.3026                  89.3026
874                  89.3026                  89.3026
875                  89.3026                  89.3026
876                  89.3026                  89.3026
877                  89.3026                  89.3026
878                  89.3026                  89.3026
879                  89.3026                  89.3026
880                  89.3026                  89.3026
881                  89.3026                  89.3026
882                  89.3026                  89.3026
883                  89.3026                  89.3026
884                  89.3026                  89.3026
885                  89.3026                  89.3026
886                  89.3026                  89.3026
887                  89.3026                  89.3026
888                  89.3026                  89.3026
889                  89.3026                  89.3026
890                  89.3026                  89.3026
891                  89.3026                  89.3026
892                  89.3026                  89.3026
893                  89.3026                  89.3026
894                  89.3026                  89.3026
895                  89.3026                  89.3026
896                  89.3026                  89.3026
897                  89.3026                  89.3026
898                  89.3026                  89.3026
899                  89.3026                  89.3026
900                  89.3026                  89.3026
901                  89.3026                  89.3026
902                  89.3026                  89.3026
903                  89.3026                  89.3026
904                  89.3026                  89.3026
905                  89.3026                  89.3026
906                  89.3026                  89.3026
907                  89.3026                  89.3026
908                  89.3026                  89.3026
909                  89.3026                  89.3026
910                  89.3026                  89.3026
911                  89.3026                  89.3026
912                  89.3026                  89.3026
913                  89.3026                  89.3026
914                  89.3026                  89.3026
915                  89.3026                  89.3026
916                  89.3026                  89.3026
917                  89.3026                  89.3026
918                  89.3026                  89.3026
919                  89.3026                  89.3026
920                  89.3026                  89.3026
921                  89.3026                  89.3026
922                  89.3026                  89.3026
923                  89.3026                  89.3026
924                  89.3026                  89.3026
925                  89.3026                  89.3026
926                  89.3026                  89.3026
927                  89.3026                  89.3026
928                  89.3026                  89.3026
929                  89.3026                  89.3026
930                  89.3026                  89.3026
931                  89.3026                  89.3026
932                  89.3026                  89.3026
933                  89.3026                  89.3026
934                  89.3026                  89.3026
935                  89.3026                  89.3026
936                  89.3026                  89.3026
937                  89.3026                  89.3026
938                  89.3026                  89.3026
939                  89.3026                  89.3026
940                  89.3026                  89.3026
941                  89.3026                  89.3026
942                  89.3026                  89.3026
943                  89.3026                  89.3026
944                  89.3026                  89.3026
945                  89.3026                  89.3026
946                  89.3026                  89.3026
947                  89.3026                  89.3026
948                  89.3026                  89.3026
949                  89.3026                  89.3026
950                  89.3026                  89.3026
951                  89.3026                  89.3026
952                  89.3026                  89.3026
953                  89.3026                  89.3026
954                  89.3026                  89.3026
955                  89.3026                  89.3026
956                  89.3026                  89.3026
957                  89.3026                  89.3026
958                  89.3026                  89.3026
959                  89.3026                  89.3026
960                  89.3026                  89.3026
961                  89.3026                  89.3026
962                  89.3026                  89.3026
963                  89.3026                  89.3026
964                  89.3026                  89.3026
965                  89.3026                  89.3026
966                  89.3026                  89.3026
967                  89.3026                  89.3026
968                  89.3026                  89.3026
969                  89.3026                  89.3026
970                  89.3026                  89.3026
971                  89.3026                  89.3026
972                  89.3026                  89.3026
973                  89.3026                  89.3026
974                  89.3026                  89.3026
975                  89.3026                  89.3026
976                  89.3026                  89.3026
977                  89.3026                  89.3026
978                  89.3026                  89.3026
979                  89.3026                  89.3026
980                  89.3026                  89.3026
981                  89.3026                  89.3026
982                  89.3026                  89.3026
983                  89.3026                  89.3026
984                  89.3026                  89.3026
985                  89.3026                  89.3026
986                  89.3026                  89.3026
987                  89.3026                  89.3026
988                  89.3026                  89.3026
989                  89.3026                  89.3026
990                  89.3026                  89.3026
991                  89.3026                  89.3026
992                  89.3026                  89.3026
993                  89.3026                  89.3026
994                  89.3026                  89.3026
995                  89.3026                  89.3026
996                  89.3026                  89.3026
997                  89.3026                  89.3026
998                  89.3026                  89.3026
999                  89.3026                  89.3026
1000                  89.3026                  89.3026
