#     BLOCK:   ACTUAL_M:     M_AVE:       ERROR:
              1       0.605655       0.605655              0
              2       0.637726       0.621691      0.0113387
              3       0.629196       0.624192      0.0078303
              4       0.649474       0.630513     0.00802804
              5        0.67185        0.63878     0.00979424
              6        0.64913       0.640505     0.00831237
              7       0.672636       0.645095     0.00829601
              8       0.676972        0.64908     0.00816002
              9       0.648607       0.649027     0.00725352
             10       0.671497       0.651274     0.00686738
             11       0.692488       0.655021     0.00719288
             12       0.704161       0.659116     0.00767109
             13       0.621633       0.656233      0.0076036
             14       0.651435        0.65589      0.0070682
             15       0.682168       0.657642     0.00681063
             16       0.628722       0.655834     0.00662048
             17       0.625367       0.654042     0.00646907
             18       0.585116       0.650213     0.00715377
             19       0.682505       0.651913     0.00697623
             20       0.646997       0.651667     0.00663175
             21       0.677747       0.652909     0.00643118
             22       0.628491       0.651799     0.00623389
             23       0.684547       0.653223      0.0061233
             24       0.646592       0.652946     0.00587439
             25       0.629948       0.652026     0.00571099
             26         0.6494       0.651925     0.00549223
             27       0.610603       0.650395     0.00549791
             28        0.67979       0.651445     0.00540086
             29       0.695603       0.652967     0.00542503
             30       0.663129       0.653306     0.00525476
             31       0.644695       0.653028     0.00509259
             32       0.689855       0.654179      0.0050618
             33       0.686289       0.655152     0.00500106
             34       0.639326       0.654687     0.00487559
             35       0.672308        0.65519     0.00476221
             36       0.687055       0.656075     0.00471147
             37       0.658049       0.656129     0.00458443
             38       0.699242       0.657263     0.00460204
             39        0.62992       0.656562     0.00453713
             40        0.60181       0.655193     0.00462557
             41        0.63854       0.654787     0.00453055
             42       0.665738       0.655048     0.00443018
             43       0.643775       0.654786      0.0043349
             44       0.677182       0.655295     0.00426616
             45       0.650044       0.655178     0.00417295
             46       0.653737       0.655147     0.00408235
             47       0.641173       0.654849     0.00400631
             48       0.666882         0.6551     0.00393068
             49       0.653801       0.655074     0.00385055
             50       0.617188       0.654316     0.00384736
