#     BLOCK:   ACTUAL_M:     M_AVE:       ERROR:
              1       0.118668       0.118668              0
              2       0.129771        0.12422     0.00392557
              3       0.124228       0.124222     0.00261705
              4       0.128057       0.125181     0.00213114
              5       0.134353       0.127015     0.00236621
              6       0.128113       0.127198     0.00197889
              7       0.126888       0.127154     0.00169669
              8       0.139476       0.128694     0.00206875
              9       0.136163       0.129524     0.00199841
             10       0.123448       0.128916     0.00188867
             11       0.133039       0.129291     0.00175377
             12       0.136629       0.129903      0.0017109
             13       0.143312       0.130934     0.00186446
             14       0.131396       0.130967     0.00173158
             15       0.128791       0.130822      0.0016222
             16       0.134431       0.131048     0.00153642
             17       0.137394       0.131421      0.0014907
             18       0.130247       0.131356     0.00140931
             19       0.118975       0.130704     0.00147812
             20       0.148268       0.131582     0.00164452
             21       0.127703       0.131398     0.00157655
             22       0.126239       0.131163     0.00152222
             23       0.145385       0.131781     0.00157664
             24       0.129643       0.131692     0.00151346
             25       0.128745       0.131574     0.00145751
             26       0.131707        0.13158     0.00140146
             27       0.137516       0.131799     0.00136669
             28       0.129781       0.131727     0.00131978
             29       0.138127       0.131948     0.00129259
             30       0.138499       0.132166     0.00126781
             31       0.129961       0.132095     0.00122891
             32       0.122591       0.131798     0.00122587
             33       0.120532       0.131457     0.00123535
             34       0.129352       0.131395     0.00120056
             35       0.124574         0.1312     0.00118197
             36       0.130768       0.131188      0.0011492
             37       0.130197       0.131161     0.00111845
             38       0.128637       0.131095     0.00109099
             39       0.129369       0.131051     0.00106391
             40       0.134212        0.13113     0.00104025
             41       0.126288       0.131012     0.00102156
             42       0.135374       0.131115      0.0010025
             43       0.125361       0.130982    0.000988078
             44        0.13453       0.131062    0.000968906
             45       0.140066       0.131262    0.000967813
             46       0.120814       0.131035    0.000973065
             47       0.134143       0.131101    0.000954605
             48       0.130199       0.131083    0.000934902
             49       0.128712       0.131034    0.000917074
             50       0.127586       0.130965    0.000901322
