#     BLOCK:   ACTUAL_M:     M_AVE:       ERROR:
              1      0.0273928      0.0273928              0
              2       0.029406      0.0283994    0.000711774
              3      0.0262072      0.0276687    0.000762329
              4      0.0289852      0.0279978    0.000638859
              5       0.026078      0.0276138    0.000615752
              6      0.0272256      0.0275491    0.000516515
              7      0.0272368      0.0275045    0.000444651
              8      0.0280336      0.0275706    0.000393957
              9      0.0275144      0.0275644    0.000350233
             10       0.026916      0.0274996    0.000321156
             11      0.0251128      0.0272826    0.000357827
             12      0.0276684      0.0273147    0.000329449
             13      0.0275064      0.0273295    0.000304437
             14      0.0264628      0.0272676    0.000288917
             15      0.0300988      0.0274563    0.000325523
             16      0.0291192      0.0275602    0.000321341
             17       0.025448       0.027436    0.000325575
             18      0.0282868      0.0274833    0.000310899
             19      0.0281344      0.0275175    0.000296419
             20      0.0259756      0.0274404    0.000291452
             21      0.0248584      0.0273175    0.000302398
             22       0.028584      0.0273751    0.000294082
             23      0.0291508      0.0274523    0.000291254
             24      0.0283728      0.0274906    0.000281633
             25      0.0254904      0.0274106    0.000281503
             26      0.0260064      0.0273566    0.000275808
             27      0.0244444      0.0272487    0.000285906
             28      0.0278848      0.0272715    0.000276596
             29      0.0245984      0.0271793    0.000281999
             30      0.0275128      0.0271904    0.000272818
             31      0.0265856      0.0271709    0.000264714
             32      0.0253484      0.0271139    0.000262497
             33      0.0260108      0.0270805    0.000256662
             34      0.0263132      0.0270579    0.000250103
             35      0.0285556      0.0271007    0.000246591
             36      0.0277784      0.0271196    0.000240459
             37       0.027832      0.0271388    0.000234729
             38      0.0281864      0.0271664    0.000230165
             39      0.0306776      0.0272564     0.00024123
             40      0.0272836      0.0272571      0.0002352
             41      0.0266656      0.0272427    0.000229906
             42      0.0271896      0.0272414    0.000224435
             43      0.0290936      0.0272845    0.000223311
             44       0.026148      0.0272586    0.000219725
             45      0.0275752      0.0272657    0.000214954
             46      0.0277936      0.0272772    0.000210588
             47      0.0302208      0.0273398    0.000215219
             48      0.0302844      0.0274011    0.000219304
             49      0.0277068      0.0274074    0.000214917
             50      0.0290096      0.0274394    0.000212995
