#     BLOCK:   ACTUAL_M:     M_AVE:       ERROR:
              1       0.433448       0.433448              0
              2       0.422239       0.427844     0.00396291
              3       0.394811       0.416833     0.00937043
              4       0.416887       0.416846     0.00702783
              5       0.432456       0.419968      0.0062775
              6        0.40755       0.417899     0.00556201
              7       0.426732        0.41916     0.00490849
              8        0.45652        0.42383     0.00612608
              9       0.420322       0.423441     0.00545779
             10       0.406361       0.421733     0.00517235
             11       0.442174       0.423591     0.00502487
             12       0.442043       0.425129     0.00483569
             13       0.433797       0.425795     0.00450945
             14       0.402975       0.424165     0.00447225
             15        0.38715       0.421698     0.00480692
             16       0.415956       0.421339     0.00451987
             17       0.416318       0.421044     0.00426363
             18       0.423169       0.421162      0.0040284
             19       0.430601       0.421658     0.00384689
             20       0.434405       0.422296     0.00370697
             21       0.408875       0.421657     0.00358511
             22       0.429438        0.42201     0.00343955
             23       0.420158        0.42193     0.00329095
             24       0.420434       0.421868     0.00315442
             25       0.429166       0.422159     0.00304172
             26       0.407794       0.421607     0.00297449
             27       0.411521       0.421233     0.00288769
             28       0.407898       0.420757     0.00282356
             29       0.439536       0.421405     0.00279946
             30       0.418236       0.421299     0.00270814
             31       0.366968       0.419546     0.00313705
             32       0.414548        0.41939     0.00304291
             33       0.417175       0.419323     0.00295144
             34       0.432058       0.419698      0.0028883
             35        0.45535       0.420716        0.00298
             36       0.411629       0.420464     0.00290789
             37       0.413596       0.420278     0.00283522
             38       0.391908       0.419532     0.00285721
             39       0.400575       0.419046     0.00282499
             40       0.393409       0.418405     0.00282614
             41       0.426884       0.418611     0.00276476
             42       0.390277       0.417937     0.00278002
             43       0.431929       0.418262     0.00273435
             44        0.43227       0.418581     0.00269068
             45        0.41858       0.418581     0.00263088
             46       0.417516       0.418557     0.00257379
             47       0.389578       0.417941     0.00259183
             48       0.414553        0.41787      0.0025388
             49       0.415054       0.417813     0.00248764
             50       0.423859       0.417934     0.00244082
