#     BLOCK:   ACTUAL_M:     M_AVE:       ERROR:
              1      0.0979068      0.0979068              0
              2       0.095116      0.0965114    0.000986697
              3       0.100977      0.0979999     0.00138193
              4       0.093118      0.0967794     0.00148033
              5       0.103686      0.0981606     0.00171136
              6      0.0943088      0.0975187     0.00154185
              7      0.0966632      0.0973965     0.00132642
              8      0.0929328      0.0968385     0.00127257
              9      0.0988512      0.0970621     0.00115065
             10      0.0980992      0.0971658     0.00104025
             11        0.10207      0.0976117     0.00103683
             12       0.104962      0.0982242     0.00111681
             13        0.11029      0.0991524     0.00136308
             14       0.103066       0.099432     0.00129407
             15      0.0940792      0.0990751     0.00125604
             16       0.106685      0.0995507     0.00126439
             17      0.0997248       0.099561     0.00119005
             18       0.106397      0.0999408     0.00118298
             19      0.0924744      0.0995478     0.00118419
             20       0.103714      0.0997561     0.00114316
             21       0.101214      0.0998255     0.00109083
             22      0.0994768      0.0998097     0.00104136
             23      0.0977844      0.0997216    0.000999798
             24      0.0997972      0.0997247    0.000958144
             25       0.100635      0.0997612    0.000920511
             26       0.101232      0.0998177    0.000886842
             27        0.10049      0.0998426    0.000854345
             28       0.104335       0.100003    0.000838762
             29        0.10344       0.100122    0.000818169
             30      0.0979956       0.100051     0.00079396
             31       0.103933       0.100176    0.000778163
             32       0.096278       0.100054     0.00076332
             33      0.0984424       0.100005     0.00074175
             34       0.107146       0.100215    0.000749074
             35       0.100778       0.100231    0.000727844
             36       0.106386       0.100402    0.000727425
             37      0.0973176       0.100319    0.000712527
             38      0.0954188        0.10019    0.000705348
             39       0.105266        0.10032    0.000699165
             40       0.105794       0.100457    0.000694951
             41       0.100602       0.100461     0.00067801
             42       0.102696       0.100514    0.000663953
             43      0.0889608       0.100245    0.000700768
             44       0.093606       0.100094    0.000700897
             45      0.0980384       0.100049    0.000686809
             46       0.100748       0.100064    0.000672047
             47      0.0959744      0.0999767    0.000663356
             48       0.111676        0.10022    0.000692868
             49         0.0988       0.100191    0.000679334
             50      0.0990748       0.100169    0.000666115
