#     BLOCK:   ACTUAL_M:     M_AVE:       ERROR:
              1       0.028304       0.028304              0
              2       0.026638       0.027471     0.00058902
              3      0.0282916      0.0277445     0.00045175
              4      0.0291388      0.0280931    0.000453782
              5      0.0367088      0.0298162      0.0015834
              6      0.0305776      0.0299431     0.00132458
              7      0.0306632       0.030046     0.00113934
              8      0.0314868      0.0302261     0.00101105
              9      0.0295416        0.03015    0.000901571
             10      0.0344868      0.0305837    0.000909758
             11       0.027876      0.0303376     0.00085971
             12      0.0313888      0.0304252    0.000792518
             13       0.033294      0.0306458     0.00076166
             14      0.0293524      0.0305535    0.000712837
             15      0.0326632      0.0306941    0.000679049
             16      0.0329712      0.0308364    0.000651351
             17      0.0319728      0.0309033    0.000616457
             18      0.0282784      0.0307574    0.000599209
             19      0.0276676      0.0305948    0.000589327
             20       0.028856      0.0305079    0.000566237
             21      0.0249596      0.0302437    0.000597742
             22      0.0277184      0.0301289    0.000581489
             23      0.0311436       0.030173    0.000557878
             24      0.0298632      0.0301601    0.000534782
             25      0.0309116      0.0301902    0.000514235
             26      0.0307668      0.0302123    0.000494935
             27      0.0333724      0.0303294    0.000490247
             28      0.0320384      0.0303904    0.000476522
             29      0.0286288      0.0303297    0.000463946
             30      0.0302376      0.0303266    0.000448492
             31      0.0327356      0.0304043    0.000440705
             32      0.0284888      0.0303444    0.000430979
             33      0.0288096      0.0302979    0.000420421
             34       0.030094      0.0302919    0.000408099
             35      0.0307388      0.0303047    0.000396638
             36      0.0310624      0.0303258    0.000386179
             37      0.0306616      0.0303348    0.000375848
             38      0.0302492      0.0303326    0.000365964
             39      0.0307632      0.0303436    0.000356747
             40      0.0324036      0.0303951    0.000351526
             41      0.0310072        0.03041    0.000343269
             42       0.031622      0.0304389    0.000336307
             43      0.0299576      0.0304277    0.000328672
             44      0.0304496      0.0304282    0.000321202
             45       0.031832      0.0304594    0.000315576
             46      0.0308068       0.030467    0.000308806
             47       0.032704      0.0305146    0.000305881
             48      0.0334048      0.0305748    0.000305378
             49      0.0287664      0.0305379    0.000301367
             50      0.0313892      0.0305549    0.000295821
