#     BLOCK:   ACTUAL_M:     M_AVE:       ERROR:
              1       0.074944       0.074944              0
              2      0.0768012      0.0758726    0.000656619
              3      0.0707504      0.0741652      0.0014612
              4      0.0787632      0.0753147     0.00148054
              5      0.0779148      0.0758347     0.00127249
              6      0.0747484      0.0756537     0.00107321
              7      0.0807888      0.0763873     0.00114345
              8      0.0816292      0.0770425     0.00117333
              9      0.0829584      0.0776998     0.00121319
             10      0.0810228      0.0780321     0.00113647
             11      0.0822376      0.0784144     0.00109558
             12      0.0841904      0.0788958     0.00110497
             13       0.088114      0.0796049     0.00122657
             14      0.0827528      0.0798297     0.00115938
             15      0.0766244       0.079616     0.00110161
             16      0.0838068      0.0798779     0.00106344
             17      0.0810764      0.0799484     0.00100322
             18      0.0829188      0.0801135    0.000960961
             19      0.0793888      0.0800753     0.00091114
             20      0.0755068      0.0798469    0.000893758
             21      0.0784692      0.0797813    0.000853603
             22        0.07985      0.0797844    0.000814808
             23      0.0843764      0.0799841     0.00080347
             24      0.0770616      0.0798623    0.000779165
             25       0.081856       0.079942    0.000752068
             26      0.0793788      0.0799204    0.000723454
             27      0.0820604      0.0799996    0.000700988
             28      0.0826128       0.080093    0.000682137
             29      0.0763196      0.0799629     0.00067091
             30      0.0800216      0.0799648    0.000648549
             31      0.0831124      0.0800663    0.000635527
             32      0.0810836      0.0800981    0.000616461
             33      0.0734724      0.0798974    0.000629629
             34      0.0788904      0.0798677    0.000611806
             35       0.081354      0.0799102    0.000595798
             36      0.0839168      0.0800215    0.000589551
             37       0.078816      0.0799889    0.000574517
             38      0.0865856      0.0801625    0.000585038
             39      0.0832104      0.0802407    0.000575233
             40       0.081778      0.0802791    0.000562135
             41      0.0778752      0.0802205    0.000551473
             42      0.0766948      0.0801365    0.000544694
             43        0.08297      0.0802024    0.000535998
             44      0.0730148      0.0800391    0.000548144
             45      0.0745152      0.0799163    0.000549536
             46      0.0770776      0.0798546    0.000541043
             47      0.0762552       0.079778    0.000534924
             48      0.0815628      0.0798152    0.000525071
             49      0.0773456      0.0797648    0.000516768
             50      0.0765092      0.0796997    0.000510518
