#     BLOCK:   ACTUAL_M:     M_AVE:       ERROR:
              1        0.87086        0.87086              0
              2       0.887403       0.879132     0.00584862
              3       0.907728       0.888664     0.00870491
              4       0.916266       0.895564      0.0088509
              5       0.911835       0.898818     0.00765561
              6        0.88034       0.895739     0.00697165
              7       0.893863       0.895471     0.00598085
              8       0.899444       0.895968     0.00525383
              9       0.884966       0.894745     0.00481017
             10       0.884492        0.89372     0.00443709
             11       0.887042       0.893113     0.00407504
             12        0.92077       0.895417     0.00433854
             13       0.883399       0.894493     0.00410213
             14       0.889773       0.894156     0.00382295
             15       0.903045       0.894748     0.00361372
             16       0.857534       0.892422      0.0040681
             17       0.899865        0.89286     0.00385228
             18         0.9134       0.894001     0.00380351
             19       0.939054       0.896373      0.0042791
             20        0.80667       0.891887      0.0059696
             21       0.928379       0.893625     0.00593286
             22       0.879519       0.892984     0.00569773
             23       0.903709        0.89345     0.00546905
             24       0.890997       0.893348     0.00524213
             25       0.861831       0.892087     0.00518181
             26       0.916502       0.893026     0.00506688
             27       0.919195       0.893996     0.00497105
             28       0.843216       0.892182     0.00511364
             29       0.888446       0.892053     0.00493893
             30        0.88772       0.891909     0.00477641
             31        0.88112       0.891561       0.004635
             32       0.871418       0.890931     0.00453269
             33       0.914066       0.891632     0.00444923
             34         0.8753       0.891152     0.00434422
             35       0.901564       0.891449     0.00423027
             36       0.891112        0.89144     0.00411277
             37       0.909177       0.891919     0.00402946
             38       0.897365       0.892063     0.00392597
             39       0.866882       0.891417     0.00387803
             40       0.913445       0.891968     0.00381998
             41       0.890074       0.891922     0.00372709
             42       0.898416       0.892076     0.00364156
             43       0.892066       0.892076     0.00355687
             44       0.823994       0.890529     0.00379771
             45        0.89433       0.890613     0.00371426
             46       0.896034       0.890731     0.00363538
             47        0.90726       0.891083       0.003575
             48       0.847402       0.890173     0.00361449
             49       0.844158       0.889234     0.00366068
             50       0.886623       0.889181     0.00358784
