#     BLOCK:   ACTUAL_M:     M_AVE:       ERROR:
              1       0.041182       0.041182              0
              2      0.0383932      0.0397876     0.00098599
              3      0.0406124      0.0400625    0.000694601
              4      0.0394092      0.0398992    0.000539813
              5      0.0392696      0.0397733    0.000446295
              6      0.0407148      0.0399302    0.000398546
              7      0.0370448       0.039518    0.000512186
              8      0.0438748      0.0400626    0.000678502
              9      0.0388756      0.0399307    0.000615798
             10       0.039374       0.039875    0.000556729
             11      0.0403724      0.0399203     0.00050795
             12      0.0425648      0.0401406    0.000511197
             13      0.0392304      0.0400706    0.000476645
             14      0.0408044       0.040123    0.000445471
             15      0.0382672      0.0399993    0.000432613
             16      0.0401516      0.0400088     0.00040568
             17      0.0402468      0.0400228    0.000382057
             18      0.0393856      0.0399874    0.000362468
             19      0.0378112      0.0398729    0.000361035
             20      0.0413532      0.0399469    0.000350488
             21        0.04228       0.040058    0.000350965
             22      0.0396204      0.0400381    0.000335575
             23      0.0366656      0.0398915    0.000351564
             24       0.041258      0.0399484    0.000341495
             25      0.0375916      0.0398541    0.000340599
             26      0.0363772      0.0397204    0.000352777
             27      0.0403704      0.0397445    0.000340531
             28      0.0383608      0.0396951    0.000331936
             29      0.0400796      0.0397083    0.000320754
             30      0.0400908      0.0397211    0.000310316
             31      0.0387296      0.0396891    0.000301949
             32      0.0370512      0.0396067    0.000303557
             33        0.03622       0.039504    0.000311223
             34      0.0414696      0.0395618    0.000307392
             35      0.0398216      0.0395693    0.000298699
             36      0.0373468      0.0395075    0.000296713
             37      0.0399772      0.0395202    0.000288965
             38      0.0392876      0.0395141    0.000281426
             39      0.0365612      0.0394384    0.000284213
             40      0.0379848       0.039402    0.000279421
             41      0.0395448      0.0394055    0.000272627
             42      0.0391844      0.0394003    0.000266187
             43      0.0362456      0.0393269    0.000269917
             44      0.0444052      0.0394423    0.000287401
             45      0.0396088       0.039446    0.000281038
             46      0.0391896      0.0394404    0.000274984
             47      0.0385928      0.0394224    0.000269724
             48      0.0403752      0.0394423    0.000264834
             49      0.0386796      0.0394267    0.000259887
             50      0.0372184      0.0393825    0.000258414
