#     BLOCK:   ACTUAL_M:     M_AVE:       ERROR:
              1      0.0361188      0.0361188              0
              2      0.0364432       0.036281    0.000114693
              3      0.0326556      0.0350725    0.000989667
              4      0.0353796      0.0351493    0.000745222
              5      0.0347432      0.0350681    0.000600587
              6      0.0360152      0.0352259    0.000520821
              7      0.0345864      0.0351346     0.00045436
              8      0.0342024       0.035018    0.000412236
              9      0.0366164      0.0351956    0.000402874
             10      0.0319176      0.0348678    0.000477681
             11      0.0338904       0.034779    0.000442443
             12      0.0334712        0.03467     0.00041878
             13      0.0342832      0.0346402    0.000387622
             14      0.0322916      0.0344725    0.000394571
             15      0.0342864      0.0344601    0.000368461
             16       0.033008      0.0343693    0.000356434
             17      0.0323816      0.0342524    0.000354126
             18       0.032582      0.0341596    0.000346399
             19       0.036438      0.0342795    0.000348305
             20      0.0341616      0.0342736     0.00033094
             21      0.0344116      0.0342802    0.000315246
             22      0.0370116      0.0344043    0.000324445
             23      0.0371444      0.0345235     0.00033149
             24      0.0370744      0.0346298    0.000334284
             25      0.0352952      0.0346564    0.000321971
             26      0.0350588      0.0346719    0.000309959
             27      0.0334092      0.0346251    0.000301986
             28      0.0341448      0.0346079    0.000291688
             29      0.0347544       0.034613    0.000281673
             30      0.0366828       0.034682    0.000280607
             31      0.0333832      0.0346401    0.000274665
             32      0.0316008      0.0345451    0.000282025
             33      0.0327712      0.0344914    0.000278555
             34      0.0342916      0.0344855    0.000270424
             35      0.0338416      0.0344671    0.000263323
             36      0.0337712      0.0344478    0.000256717
             37      0.0324592       0.034394    0.000255342
             38      0.0332748      0.0343646    0.000250316
             39      0.0342012      0.0343604    0.000243932
             40      0.0353656      0.0343855    0.000239125
             41      0.0343844      0.0343855    0.000233293
             42       0.033988       0.034376     0.00022793
             43       0.034368      0.0343758    0.000222629
             44      0.0359128      0.0344108    0.000220293
             45      0.0327692      0.0343743    0.000218397
             46       0.033226      0.0343493    0.000215071
             47      0.0335864      0.0343331    0.000211107
             48      0.0337636      0.0343212    0.000207042
             49      0.0321028      0.0342759    0.000207708
             50      0.0351544      0.0342935    0.000204295
