#     BLOCK:   ACTUAL_M:     M_AVE:       ERROR:
              1      0.0620988      0.0620988              0
              2      0.0596564      0.0608776    0.000863519
              3      0.0652316      0.0623289     0.00131744
              4      0.0631156      0.0625256     0.00100265
              5       0.064896      0.0629997    0.000907305
              6      0.0610372      0.0626726    0.000812908
              7      0.0643036      0.0629056    0.000729406
              8      0.0617396      0.0627598     0.00065263
              9      0.0672696      0.0632609    0.000748144
             10      0.0667096      0.0636058    0.000748607
             11      0.0611184      0.0633797    0.000713888
             12      0.0650576      0.0635195    0.000667951
             13      0.0609708      0.0633234    0.000644701
             14      0.0617052      0.0632079    0.000608925
             15      0.0660284      0.0633959    0.000596656
             16      0.0658872      0.0635516    0.000579326
             17      0.0645424      0.0636099    0.000548172
             18      0.0643308      0.0636499    0.000519179
             19      0.0597836      0.0634464    0.000530235
             20      0.0680284      0.0636755    0.000550998
             21      0.0616536      0.0635793    0.000533106
             22      0.0695176      0.0638492     0.00057315
             23      0.0595324      0.0636615    0.000578144
             24      0.0643724      0.0636911    0.000554813
             25        0.06377      0.0636943     0.00053263
             26      0.0623688      0.0636433    0.000514578
             27       0.056018      0.0633609    0.000567755
             28      0.0625996      0.0633337    0.000548128
             29      0.0638996      0.0633532    0.000529575
             30      0.0643712      0.0633871    0.000513008
             31      0.0689344      0.0635661    0.000526745
             32        0.06362      0.0635678    0.000510287
             33      0.0665124       0.063657    0.000502565
             34      0.0621208      0.0636118     0.00048981
             35      0.0703276      0.0638037    0.000512022
             36      0.0626688      0.0637722    0.000498769
             37      0.0601872      0.0636753     0.00049461
             38      0.0646252      0.0637003    0.000482225
             39      0.0653288       0.063742    0.000471665
             40      0.0625644      0.0637126    0.000460791
             41       0.067646      0.0638085    0.000459431
             42      0.0599452      0.0637165    0.000457607
             43      0.0650924      0.0637485    0.000448083
             44      0.0683628      0.0638534    0.000450004
             45      0.0626952      0.0638277    0.000440739
             46      0.0636812      0.0638245    0.000431169
             47      0.0604464      0.0637526    0.000427944
             48      0.0587924      0.0636493    0.000431325
             49      0.0627004      0.0636299    0.000422957
             50       0.063968      0.0636367    0.000414552
