#     BLOCK:   ACTUAL_M:     M_AVE:       ERROR:
              1       0.051132       0.051132              0
              2      0.0507192      0.0509256    0.000145947
              3       0.054318      0.0520564    0.000928407
              4      0.0558256      0.0529987     0.00107275
              5      0.0606456      0.0545281     0.00161484
              6      0.0540168      0.0544429     0.00134795
              7      0.0548236      0.0544973     0.00115648
              8      0.0572596      0.0548425     0.00106222
              9       0.058832      0.0552858     0.00103255
             10      0.0548736      0.0552446    0.000930117
             11      0.0553368       0.055253    0.000845598
             12      0.0572084      0.0554159    0.000790677
             13      0.0482832      0.0548673    0.000900318
             14      0.0498232       0.054507    0.000905234
             15      0.0516052      0.0543135    0.000865309
             16      0.0517524      0.0541534      0.0008259
             17       0.053626      0.0541224      0.0007779
             18      0.0534212      0.0540835    0.000735658
             19      0.0522884       0.053989     0.00070298
             20      0.0495132      0.0537652    0.000702549
             21      0.0519036      0.0536766    0.000674664
             22       0.050938      0.0535521    0.000655381
             23       0.052006      0.0534849    0.000630324
             24       0.054558      0.0535296    0.000605644
             25        0.05353      0.0535296    0.000581419
             26       0.049856      0.0533883    0.000575968
             27       0.051158      0.0533057    0.000560528
             28      0.0560288      0.0534029    0.000548881
             29      0.0517108      0.0533446    0.000533047
             30      0.0550944      0.0534029     0.00051846
             31      0.0542056      0.0534288    0.000502382
             32       0.052174      0.0533896     0.00048821
             33      0.0509996      0.0533172    0.000478758
             34      0.0484664      0.0531745    0.000485469
             35      0.0521964      0.0531466    0.000472402
             36       0.052504      0.0531287    0.000459617
             37       0.049838      0.0530398    0.000455719
             38      0.0493236       0.052942    0.000454098
             39      0.0530792      0.0529455    0.000442468
             40      0.0569036      0.0530444    0.000442333
             41      0.0576812      0.0531575    0.000445767
             42       0.051744      0.0531239    0.000436422
             43        0.05614       0.053194    0.000431873
             44      0.0548572      0.0532318    0.000423708
             45      0.0544356      0.0532586    0.000415136
             46      0.0529636      0.0532522    0.000406161
             47      0.0553484      0.0532968     0.00039996
             48      0.0501964      0.0532322    0.000396809
             49      0.0523824      0.0532148     0.00038909
             50      0.0487852      0.0531262    0.000391264
