#     BLOCK:   ACTUAL_M:     M_AVE:       ERROR:
              1      0.0483996      0.0483996              0
              2       0.044648      0.0465238     0.00132639
              3      0.0448136      0.0459537    0.000999283
              4      0.0439948       0.045464    0.000861146
              5      0.0445992       0.045291    0.000706073
              6      0.0466428      0.0455163    0.000623302
              7      0.0486484      0.0459638    0.000676042
              8      0.0500776       0.046478    0.000762426
              9      0.0434468      0.0461412    0.000748414
             10      0.0433852      0.0458656    0.000722537
             11      0.0474564      0.0460102    0.000671169
             12      0.0486484      0.0462301    0.000650249
             13      0.0475656      0.0463328    0.000608291
             14      0.0473024      0.0464021    0.000568771
             15      0.0473828      0.0464674    0.000534597
             16      0.0472796      0.0465182    0.000503589
             17      0.0478228      0.0465949    0.000479778
             18      0.0430032      0.0463954    0.000492875
             19      0.0432212      0.0462283    0.000494438
             20      0.0432872      0.0460813    0.000491098
             21       0.049012      0.0462208    0.000487139
             22      0.0456152      0.0461933    0.000465773
             23      0.0445656      0.0461225    0.000450866
             24      0.0486328      0.0462271    0.000444047
             25       0.044618      0.0461628    0.000430925
             26      0.0438256      0.0460729    0.000423622
             27      0.0473984       0.046122    0.000410768
             28      0.0443404      0.0460583    0.000400995
             29      0.0456732      0.0460451    0.000387387
             30       0.045996      0.0460434    0.000374478
             31      0.0455472      0.0460274     0.00036274
             32      0.0418292      0.0458962    0.000374378
             33       0.045176      0.0458744    0.000363669
             34       0.045884      0.0458747    0.000352973
             35       0.047892      0.0459323    0.000347562
             36      0.0444396      0.0458909    0.000340372
             37       0.045566      0.0458821    0.000331286
             38      0.0431144      0.0458092    0.000330477
             39      0.0450412      0.0457895     0.00032259
             40      0.0492268      0.0458755    0.000325769
             41      0.0465476      0.0458919    0.000318236
             42      0.0445068      0.0458589    0.000312363
             43      0.0424936      0.0457806     0.00031475
             44      0.0485116      0.0458427    0.000313657
             45      0.0438128      0.0457976    0.000309913
             46      0.0472416       0.045829    0.000304762
             47      0.0458436      0.0458293    0.000298278
             48      0.0479568      0.0458736    0.000295338
             49      0.0501296      0.0459605    0.000301813
             50      0.0426632      0.0458945    0.000302895
