#     BLOCK:   ACTUAL_M:     M_AVE:       ERROR:
              1       0.265797       0.265797              0
              2        0.23238       0.249088      0.0118149
              3       0.243546       0.247241     0.00801975
              4       0.261671       0.250848     0.00677782
              5       0.273146       0.255308     0.00673131
              6       0.265483       0.257004     0.00581912
              7       0.274701       0.259532     0.00550969
              8       0.277082       0.261726     0.00523957
              9        0.26064       0.261605     0.00465878
             10       0.276722       0.263117     0.00443139
             11       0.268698       0.263624     0.00405748
             12       0.272182       0.264337     0.00378151
             13        0.26101       0.264081     0.00349928
             14       0.281467       0.265323     0.00346267
             15       0.262973       0.265167     0.00323537
             16        0.27253       0.265627     0.00306572
             17        0.29467       0.267335     0.00332754
             18       0.265871       0.267254     0.00314367
             19        0.27293       0.267553     0.00299238
             20       0.292697        0.26881     0.00309561
             21       0.254206       0.268114     0.00302531
             22       0.273482       0.268358     0.00289761
             23       0.262654        0.26811     0.00278223
             24       0.266611       0.268048       0.002667
             25       0.238894       0.266882     0.00280371
             26       0.273156       0.267123     0.00270624
             27       0.241907       0.266189     0.00276246
             28       0.285245        0.26687     0.00274635
             29       0.280861       0.267352      0.0026937
             30       0.249792       0.266767     0.00266674
             31       0.255219       0.266394     0.00260661
             32       0.257122       0.266105     0.00254121
             33        0.27222        0.26629     0.00247095
             34        0.27375       0.266509       0.002408
             35       0.246127       0.265927     0.00240858
             36       0.255529       0.265638     0.00235893
             37       0.258455       0.265444     0.00230315
             38       0.258858       0.265271     0.00224905
             39       0.264367       0.265247     0.00219151
             40       0.270223       0.265372     0.00214025
             41       0.267626       0.265427     0.00208875
             42       0.271185       0.265564     0.00204351
             43       0.241348       0.265001     0.00207213
             44       0.259544       0.264877     0.00202875
             45       0.258046       0.264725     0.00198933
             46        0.26764       0.264788      0.0019471
             47       0.268006       0.264857     0.00190687
             48       0.260654       0.264769     0.00186915
             49       0.249355       0.264455     0.00185729
             50       0.257269       0.264311      0.0018257
