#     BLOCK:   ACTUAL_M:     M_AVE:       ERROR:
              1       0.180075       0.180075              0
              2       0.172665        0.17637     0.00261983
              3       0.179585       0.177442     0.00195343
              4       0.181264       0.178397     0.00168264
              5       0.175874       0.177893      0.0014198
              6       0.188214       0.179613     0.00196624
              7       0.194241       0.181703     0.00256582
              8       0.183847       0.181971     0.00225905
              9       0.174286       0.181117     0.00216339
             10       0.175083       0.180513     0.00202945
             11        0.20429       0.182675     0.00276609
             12       0.180553       0.182498     0.00254122
             13       0.181092        0.18239     0.00234804
             14       0.174054       0.181795     0.00225455
             15        0.17397       0.181273     0.00216376
             16       0.176275       0.180961     0.00205095
             17       0.177256       0.180743     0.00194185
             18       0.185269       0.180994     0.00185018
             19       0.180741       0.180981     0.00175285
             20       0.200382       0.181951     0.00191492
             21       0.159754       0.180894     0.00209525
             22       0.178984       0.180807     0.00200181
             23       0.181039       0.180817      0.0019148
             24       0.178177       0.180707     0.00183818
             25       0.182838       0.180792     0.00176662
             26       0.179877       0.180757     0.00169903
             27       0.159853       0.179983      0.0018039
             28       0.183063       0.180093     0.00174283
             29       0.190562       0.180454     0.00171971
             30       0.180668       0.180461      0.0016624
             31       0.181712       0.180501     0.00160926
             32       0.178473       0.180438     0.00156022
             33       0.183649       0.180535     0.00151597
             34       0.180579       0.180537     0.00147139
             35       0.178516       0.180479     0.00143048
             36       0.176651       0.180373     0.00139469
             37       0.186569        0.18054     0.00136701
             38       0.193353       0.180877     0.00137199
             39       0.175863       0.180749     0.00134283
             40       0.179264       0.180712     0.00130977
             41       0.182913       0.180765     0.00127892
             42       0.181565       0.180784     0.00124861
             43       0.183475       0.180847     0.00122114
             44       0.181494       0.180862     0.00119348
             45       0.182208       0.180891     0.00116733
             46       0.175612       0.180777     0.00114758
             47       0.196143       0.181104     0.00116881
             48       0.180362       0.181088     0.00114456
             49       0.188184       0.181233     0.00113033
             50       0.183943       0.181287     0.00110902
