# DISTANCE:             AVE_GOFR:                ERROR:
         0                   0
 0.0064633                   0
 0.0129266                   0
 0.0193899                   0
 0.0258532                   0
 0.0323165                   0
 0.0387798                   0
 0.0452431                   0
 0.0517064                   0
 0.0581697                   0
  0.064633                   0
 0.0710963                   0
 0.0775596                   0
  0.084023                   0
 0.0904863                   0
 0.0969496                   0
  0.103413                   0
  0.109876                   0
  0.116339                   0
  0.122803                   0
  0.129266                   0
  0.135729                   0
  0.142193                   0
  0.148656                   0
  0.155119                   0
  0.161583                   0
  0.168046                   0
  0.174509                   0
  0.180973                   0
  0.187436                   0
  0.193899                   0
  0.200362                   0
  0.206826                   0
  0.213289                   0
  0.219752                   0
  0.226216                   0
  0.232679                   0
  0.239142                   0
  0.245606                   0
  0.252069                   0
  0.258532                   0
  0.264995                   0
  0.271459                   0
  0.277922                   0
  0.284385                   0
  0.290849                   0
  0.297312                   0
  0.303775                   0
  0.310239                   0
  0.316702                   0
  0.323165                   0
  0.329629                   0
  0.336092                   0
  0.342555                   0
  0.349018                   0
  0.355482                   0
  0.361945                   0
  0.368408                   0
  0.374872                   0
  0.381335                   0
  0.387798                   0
  0.394262                   0
  0.400725                   0
  0.407188                   0
  0.413651                   0
  0.420115                   0
  0.426578                   0
  0.433041                   0
  0.439505                   0
  0.445968                   0
  0.452431                   0
  0.458895                   0
  0.465358                   0
  0.471821                   0
  0.478285                   0
  0.484748                   0
  0.491211                   0
  0.497674                   0
  0.504138                   0
  0.510601                   0
  0.517064                   0
  0.523528                   0
  0.529991                   0
  0.536454                   0
  0.542918                   0
  0.549381                   0
  0.555844                   0
  0.562307                   0
  0.568771                   0
  0.575234                   0
  0.581697                   0
  0.588161                   0
  0.594624                   0
  0.601087                   0
  0.607551                   0
  0.614014                   0
  0.620477                   0
   0.62694                   0
  0.633404                   0
  0.639867                   0
   0.64633                   0
  0.652794                   0
  0.659257                   0
   0.66572                   0
  0.672184                   0
  0.678647                   0
   0.68511                   0
  0.691574                   0
  0.698037                   0
    0.7045                   0
  0.710963                   0
  0.717427                   0
   0.72389                   0
  0.730353                   0
  0.736817                   0
   0.74328                   0
  0.749743                   0
  0.756207                   0
   0.76267                   0
  0.769133                   0
  0.775596                   0
   0.78206                   0
  0.788523                   0
  0.794986                   0
   0.80145                   0
  0.807913                   0
  0.814376                   0
   0.82084                   0
  0.827303                   0
  0.833766                   0
   0.84023                   0
  0.846693                   0
  0.853156                   0
  0.859619                   0
  0.866083                   0
  0.872546         0.000237817
  0.879009         0.000351517
  0.885473         0.000692846
  0.891936          0.00239007
  0.898399          0.00560935
  0.904863          0.00862646
  0.911326           0.0192997
  0.917789            0.032684
  0.924252            0.048027
  0.930716           0.0776862
  0.937179            0.122513
  0.943642            0.173538
  0.950106            0.234111
  0.956569            0.322643
  0.963032            0.394435
  0.969496            0.505935
  0.975959            0.603243
  0.982422            0.751472
  0.988886            0.849935
  0.995349            0.988232
   1.00181             1.11325
   1.00828             1.20916
   1.01474             1.37365
    1.0212             1.45683
   1.02767             1.60434
   1.03413             1.68323
   1.04059             1.87037
   1.04706             1.89256
   1.05352             1.97442
   1.05998             2.03165
   1.06645             2.15328
   1.07291             2.13088
   1.07937             2.19795
   1.08584             2.28444
    1.0923             2.24229
   1.09876             2.26188
   1.10522             2.28471
   1.11169             2.31296
   1.11815             2.25338
   1.12461             2.25623
   1.13108             2.29786
   1.13754             2.27168
     1.144              2.2605
   1.15047             2.22703
   1.15693             2.17897
   1.16339             2.24355
   1.16986             2.19888
   1.17632             2.17282
   1.18278             2.11419
   1.18925             2.11391
   1.19571             2.05178
   1.20217             2.04854
   1.20864             1.99023
    1.2151             1.99393
   1.22156             1.97288
   1.22803             1.94434
   1.23449             1.93397
   1.24095             1.91387
   1.24742             1.86312
   1.25388             1.86035
   1.26034              1.8164
   1.26681             1.76839
   1.27327             1.78215
   1.27973             1.74047
    1.2862             1.71352
   1.29266             1.70196
   1.29912             1.69865
   1.30559             1.68479
   1.31205             1.61108
   1.31851             1.60888
   1.32498             1.59921
   1.33144             1.58416
    1.3379             1.55271
   1.34437             1.54548
   1.35083             1.53932
   1.35729             1.52438
   1.36376             1.50371
   1.37022             1.49152
   1.37668             1.47092
   1.38315             1.48799
   1.38961              1.4461
   1.39607              1.4466
   1.40254             1.40163
     1.409             1.39747
   1.41546             1.39324
   1.42193             1.36554
   1.42839             1.35337
   1.43485             1.36262
   1.44132             1.35404
   1.44778             1.34642
   1.45424             1.31867
   1.46071             1.32867
   1.46717             1.30976
   1.47363             1.29869
    1.4801             1.28889
   1.48656              1.2841
   1.49302             1.29426
   1.49949             1.27774
   1.50595             1.27278
   1.51241             1.24007
   1.51888             1.27078
   1.52534             1.23195
    1.5318              1.2396
   1.53827             1.22769
   1.54473             1.20223
   1.55119             1.22302
   1.55766             1.21157
   1.56412             1.20902
   1.57058             1.18582
   1.57705             1.19056
   1.58351             1.16806
   1.58997             1.17926
   1.59644             1.18786
    1.6029              1.1652
   1.60936             1.16875
   1.61583             1.14879
   1.62229             1.15431
   1.62875             1.14549
   1.63522             1.14608
   1.64168              1.1498
   1.64814             1.14172
   1.65461             1.13692
   1.66107             1.12528
   1.66753             1.13629
     1.674             1.12816
   1.68046             1.12557
   1.68692             1.10957
   1.69339             1.11922
   1.69985             1.10467
   1.70631             1.12611
   1.71278              1.1051
   1.71924             1.10297
    1.7257             1.11835
   1.73217             1.09038
   1.73863             1.09331
   1.74509             1.10833
   1.75156             1.08241
   1.75802             1.09236
   1.76448             1.10598
   1.77095             1.09385
   1.77741             1.09079
   1.78387             1.08625
   1.79034             1.10619
    1.7968             1.08076
   1.80326             1.08285
   1.80973             1.07642
   1.81619             1.08049
   1.82265             1.07958
   1.82912             1.08133
   1.83558             1.07927
   1.84204             1.07544
    1.8485             1.08082
   1.85497             1.07223
   1.86143             1.07412
   1.86789             1.06679
   1.87436             1.07982
   1.88082             1.07263
   1.88728              1.0661
   1.89375             1.06501
   1.90021             1.06703
   1.90667             1.06457
   1.91314             1.05608
    1.9196             1.06088
   1.92606             1.07812
   1.93253              1.0655
   1.93899             1.07223
   1.94545             1.06717
   1.95192             1.06669
   1.95838             1.06784
   1.96484             1.06722
   1.97131             1.05962
   1.97777             1.04653
   1.98423             1.05606
    1.9907             1.06925
   1.99716             1.05552
   2.00362             1.05455
   2.01009             1.04704
   2.01655             1.05587
   2.02301             1.05141
   2.02948             1.06456
   2.03594             1.06093
    2.0424             1.06067
   2.04887             1.06164
   2.05533             1.04621
   2.06179             1.06473
   2.06826             1.06061
   2.07472             1.04882
   2.08118             1.05811
   2.08765             1.05699
   2.09411             1.05973
   2.10057             1.04855
   2.10704             1.05317
    2.1135             1.05829
   2.11996             1.05439
   2.12643             1.06069
   2.13289             1.05162
   2.13935             1.05872
   2.14582             1.04774
   2.15228             1.05414
   2.15874              1.0481
   2.16521             1.04235
   2.17167             1.05122
   2.17813             1.05518
    2.1846             1.05981
   2.19106             1.05401
   2.19752             1.04328
   2.20399             1.05213
   2.21045             1.05417
   2.21691             1.04415
   2.22338             1.05482
   2.22984             1.03418
    2.2363             1.05666
   2.24277             1.04095
   2.24923             1.05234
   2.25569             1.04393
   2.26216             1.04564
   2.26862             1.03475
   2.27508             1.04895
   2.28155             1.05595
   2.28801              1.0409
   2.29447             1.03834
   2.30094             1.04131
    2.3074             1.04436
   2.31386             1.02912
   2.32033             1.04007
   2.32679             1.04056
   2.33325              1.0388
   2.33972             1.04134
   2.34618             1.04127
   2.35264             1.03034
   2.35911             1.03948
   2.36557             1.02959
   2.37203             1.02875
    2.3785             1.04339
   2.38496             1.02344
   2.39142             1.03795
   2.39789             1.03906
   2.40435             1.03446
   2.41081             1.03972
   2.41728                1.03
   2.42374             1.03561
    2.4302             1.04012
   2.43667             1.01755
   2.44313             1.03529
   2.44959             1.02537
   2.45606             1.03358
   2.46252             1.03453
   2.46898             1.02885
   2.47545             1.02603
   2.48191             1.01963
   2.48837             1.01529
   2.49484             1.02603
    2.5013             1.02423
   2.50776             1.02475
   2.51423             1.01859
   2.52069             1.01856
   2.52715             1.02308
   2.53362             1.01504
   2.54008             1.01969
   2.54654             1.02766
   2.55301             1.01974
   2.55947             1.02649
   2.56593             1.01894
    2.5724             1.01923
   2.57886              1.0199
   2.58532             1.01989
   2.59178              1.0191
   2.59825             1.02083
   2.60471             1.01237
   2.61117             1.02277
   2.61764             1.01707
    2.6241             1.02302
   2.63056             1.01904
   2.63703             1.01893
   2.64349             1.01611
   2.64995             1.00624
   2.65642               1.023
   2.66288             1.01744
   2.66934             1.01772
   2.67581              1.0088
   2.68227             1.01255
   2.68873             1.01204
    2.6952             1.00963
   2.70166             1.01265
   2.70812             1.00833
   2.71459             1.01292
   2.72105             1.01724
   2.72751             1.01349
   2.73398             1.00381
   2.74044             1.00869
    2.7469             1.00004
   2.75337             1.00996
   2.75983             1.01962
   2.76629            0.996581
   2.77276             1.01295
   2.77922             1.01099
   2.78568             1.01137
   2.79215             1.00927
   2.79861              1.0108
   2.80507              1.0075
   2.81154               1.005
     2.818             1.00551
   2.82446             1.01064
   2.83093             1.00613
   2.83739             1.00849
   2.84385             1.00928
   2.85032             1.00395
   2.85678             1.00754
   2.86324              1.0127
   2.86971             1.00448
   2.87617             1.00747
   2.88263             0.99963
    2.8891            0.997675
   2.89556             1.00617
   2.90202            0.997266
   2.90849             1.00671
   2.91495             1.00214
   2.92141             1.00516
   2.92788             1.00338
   2.93434             1.00139
    2.9408             1.00587
   2.94727             1.00174
   2.95373             1.00527
   2.96019             1.00879
   2.96666              1.0031
   2.97312             1.00359
   2.97958             1.00479
   2.98605             1.00683
   2.99251            0.998448
   2.99897             0.99809
   3.00544               1.008
    3.0119            0.996753
   3.01836            0.997468
   3.02483             1.00313
   3.03129             1.00202
   3.03775            0.994552
   3.04422              1.0097
   3.05068             1.00222
   3.05714             1.00142
   3.06361             1.00528
   3.07007              1.0009
   3.07653              1.0092
     3.083            0.999818
   3.08946             0.99243
   3.09592            0.999965
   3.10239            0.993273
   3.10885            0.990027
   3.11531             1.00238
   3.12178            0.996535
   3.12824            0.996471
    3.1347             1.00409
   3.14117             1.00329
   3.14763            0.993798
   3.15409              1.0043
   3.16056            0.999352
   3.16702            0.989809
   3.17348            0.990811
   3.17995            0.996566
   3.18641            0.999479
   3.19287            0.995458
   3.19934            0.991862
    3.2058             0.99245
   3.21226             1.00281
   3.21873            0.999622
   3.22519            0.997321
   3.23165            0.999039
   3.23812             0.99209
   3.24458            0.992218
   3.25104            0.995497
   3.25751             1.00079
   3.26397            0.998298
   3.27043            0.997015
    3.2769            0.991547
   3.28336            0.996821
   3.28982            0.996646
   3.29629            0.996866
   3.30275            0.992196
   3.30921            0.998859
   3.31567            0.996695
   3.32214             1.00124
    3.3286            0.997126
   3.33506            0.992368
   3.34153            0.997015
   3.34799            0.999377
   3.35445            0.993487
   3.36092            0.992534
   3.36738            0.988129
   3.37384             0.99521
   3.38031             0.99608
   3.38677            0.997444
   3.39323            0.991026
    3.3997            0.989817
   3.40616            0.997609
   3.41262            0.988194
   3.41909            0.998427
   3.42555            0.995613
   3.43201            0.991607
   3.43848            0.995255
   3.44494            0.994427
    3.4514             0.98714
   3.45787            0.994291
   3.46433            0.990709
   3.47079            0.992958
   3.47726            0.995244
   3.48372            0.994963
   3.49018            0.988094
   3.49665            0.996502
   3.50311            0.992839
   3.50957             0.99219
   3.51604            0.987054
    3.5225            0.988545
   3.52896            0.990829
   3.53543             1.00117
   3.54189            0.991955
   3.54835            0.990032
   3.55482            0.987822
   3.56128            0.992031
   3.56774            0.989466
   3.57421            0.994402
   3.58067            0.991998
   3.58713            0.992229
    3.5936            0.989343
   3.60006            0.995076
   3.60652            0.987078
   3.61299            0.989418
   3.61945            0.990484
   3.62591            0.988289
   3.63238            0.989449
   3.63884            0.989399
    3.6453            0.995666
   3.65177            0.993254
   3.65823            0.989948
   3.66469            0.991248
   3.67116            0.991351
   3.67762            0.988465
   3.68408            0.991207
   3.69055            0.984313
   3.69701            0.990522
   3.70347            0.985252
   3.70994            0.988804
    3.7164            0.994276
   3.72286            0.996564
   3.72933            0.990451
   3.73579            0.987911
   3.74225            0.993372
   3.74872            0.985858
   3.75518             0.98912
   3.76164            0.991067
   3.76811            0.991732
   3.77457            0.998598
   3.78103            0.995591
    3.7875            0.991818
   3.79396            0.983821
   3.80042            0.984477
   3.80689            0.989721
   3.81335            0.990354
   3.81981             0.98548
   3.82628            0.995048
   3.83274            0.987006
    3.8392            0.982409
   3.84567            0.986008
   3.85213            0.983606
   3.85859            0.996418
   3.86506            0.993098
   3.87152            0.988773
   3.87798            0.986929
   3.88445            0.990475
   3.89091            0.993439
   3.89737            0.987518
   3.90384            0.989212
    3.9103            0.990402
   3.91676             0.99064
   3.92323            0.988505
   3.92969            0.989498
   3.93615            0.984849
   3.94262            0.993212
   3.94908            0.988133
   3.95554            0.986585
   3.96201            0.992124
   3.96847            0.987273
   3.97493            0.993046
    3.9814            0.986295
   3.98786            0.989619
   3.99432             0.98996
   4.00079            0.989394
   4.00725            0.986775
   4.01371            0.985795
   4.02018            0.989836
   4.02664            0.992583
    4.0331            0.989334
   4.03957            0.987585
   4.04603            0.989363
   4.05249            0.991124
   4.05895            0.986995
   4.06542             0.98634
   4.07188            0.990694
   4.07834             0.98722
   4.08481            0.985121
   4.09127             0.98871
   4.09773            0.991219
    4.1042             0.98288
   4.11066            0.985415
   4.11712            0.986887
   4.12359            0.987466
   4.13005             0.98926
   4.13651            0.984156
   4.14298            0.979424
   4.14944            0.987569
    4.1559            0.990496
   4.16237            0.984776
   4.16883            0.988864
   4.17529            0.992874
   4.18176            0.989705
   4.18822            0.984506
   4.19468             0.98642
   4.20115            0.991572
   4.20761            0.990505
   4.21407            0.990784
   4.22054            0.988991
     4.227            0.988183
   4.23346            0.986837
   4.23993            0.990145
   4.24639            0.986686
   4.25285            0.989849
   4.25932            0.987913
   4.26578            0.985054
   4.27224            0.989188
   4.27871            0.986363
   4.28517            0.984459
   4.29163            0.990239
    4.2981            0.993511
   4.30456            0.988871
   4.31102            0.986376
   4.31749            0.987306
   4.32395            0.987427
   4.33041            0.984581
   4.33688            0.992719
   4.34334            0.985613
    4.3498            0.989965
   4.35627            0.987162
   4.36273            0.988064
   4.36919             0.98836
   4.37566            0.990339
   4.38212            0.985549
   4.38858            0.984452
   4.39505            0.989514
   4.40151            0.990786
   4.40797            0.989652
   4.41444            0.990151
    4.4209            0.989715
   4.42736            0.985051
   4.43383            0.992907
   4.44029            0.989499
   4.44675            0.988308
   4.45322            0.985709
   4.45968            0.983163
   4.46614            0.985312
   4.47261            0.985582
   4.47907            0.988443
   4.48553            0.988188
     4.492            0.984107
   4.49846            0.981693
   4.50492            0.987411
   4.51139            0.985118
   4.51785            0.980496
   4.52431            0.983394
   4.53078             0.98293
   4.53724            0.990556
    4.5437            0.986441
   4.55017            0.983599
   4.55663            0.987602
   4.56309            0.983899
   4.56956            0.989607
   4.57602            0.983623
   4.58248            0.988299
   4.58895            0.985895
   4.59541            0.985161
   4.60187            0.987111
   4.60834            0.986143
    4.6148            0.988409
   4.62126            0.986194
   4.62773            0.984188
   4.63419            0.988804
   4.64065            0.985094
   4.64712            0.985427
   4.65358             0.98494
   4.66004            0.985835
   4.66651            0.991493
   4.67297            0.990502
   4.67943            0.987166
    4.6859            0.985164
   4.69236            0.985495
   4.69882            0.989659
   4.70529            0.989828
   4.71175            0.988847
   4.71821            0.983221
   4.72468            0.989147
   4.73114             0.98358
    4.7376            0.990131
   4.74407            0.988817
   4.75053            0.980835
   4.75699            0.985668
   4.76346            0.987616
   4.76992            0.985504
   4.77638            0.990617
   4.78285            0.984798
   4.78931            0.982795
   4.79577            0.988264
   4.80223            0.985737
    4.8087            0.984604
   4.81516            0.989805
   4.82162            0.984377
   4.82809            0.988239
   4.83455            0.986531
   4.84101            0.985789
   4.84748            0.984653
   4.85394            0.985965
    4.8604            0.981712
   4.86687            0.984426
   4.87333              0.9882
   4.87979            0.985998
   4.88626            0.990878
   4.89272            0.986658
   4.89918            0.984669
   4.90565            0.985125
   4.91211            0.983615
   4.91857            0.988307
   4.92504            0.984387
    4.9315            0.987312
   4.93796            0.982449
   4.94443              0.9859
   4.95089            0.985414
   4.95735            0.984616
   4.96382            0.989593
   4.97028            0.987763
   4.97674            0.985238
   4.98321             0.98738
   4.98967             0.98799
   4.99613            0.987948
    5.0026            0.987032
   5.00906            0.983773
   5.01552            0.987284
   5.02199            0.984703
   5.02845            0.987848
   5.03491            0.989455
   5.04138             0.98734
   5.04784            0.984861
    5.0543            0.991769
   5.06077            0.988468
   5.06723            0.985967
   5.07369            0.984527
   5.08016            0.985282
   5.08662            0.984207
   5.09308            0.987461
   5.09955            0.988232
   5.10601            0.985374
   5.11247            0.986538
   5.11894            0.988096
    5.1254            0.988246
   5.13186            0.987299
   5.13833            0.985018
   5.14479            0.989701
   5.15125             0.98895
   5.15772            0.986276
   5.16418            0.984593
   5.17064             0.99074
   5.17711            0.987304
   5.18357            0.985622
   5.19003            0.982193
    5.1965            0.983473
   5.20296            0.989175
   5.20942            0.984502
   5.21589            0.985196
   5.22235            0.990078
   5.22881            0.990378
   5.23528            0.985108
   5.24174            0.986169
    5.2482            0.983799
   5.25467            0.984711
   5.26113            0.987899
   5.26759             0.98531
   5.27406            0.990603
   5.28052            0.987018
   5.28698            0.984934
   5.29345            0.986865
   5.29991            0.987843
   5.30637            0.986708
   5.31284            0.984004
    5.3193            0.994071
   5.32576            0.987733
   5.33223            0.985749
   5.33869            0.988632
   5.34515            0.988106
   5.35162            0.984713
   5.35808            0.987716
   5.36454            0.987149
   5.37101            0.987621
   5.37747            0.983583
   5.38393             0.98707
    5.3904            0.983508
   5.39686            0.985884
   5.40332            0.984196
   5.40979            0.982803
   5.41625            0.981463
   5.42271            0.981366
   5.42918            0.987265
   5.43564            0.987691
    5.4421            0.989374
   5.44857            0.988196
   5.45503            0.984378
   5.46149            0.986415
   5.46796            0.987696
   5.47442            0.984507
   5.48088            0.985353
   5.48735            0.985855
   5.49381            0.984938
   5.50027            0.985652
   5.50674            0.983233
    5.5132            0.983286
   5.51966            0.990219
   5.52612            0.988007
   5.53259            0.989097
   5.53905            0.982839
   5.54551            0.987429
   5.55198            0.983345
   5.55844            0.985663
    5.5649            0.985912
   5.57137            0.991988
   5.57783            0.982515
   5.58429            0.985423
   5.59076            0.986292
   5.59722            0.985058
   5.60368            0.987099
   5.61015            0.989258
   5.61661            0.980516
   5.62307             0.98723
   5.62954            0.986165
     5.636            0.984639
   5.64246            0.987402
   5.64893            0.983646
   5.65539            0.981842
   5.66185            0.987262
   5.66832            0.985651
   5.67478            0.988987
   5.68124            0.988195
   5.68771             0.98464
   5.69417            0.985562
   5.70063            0.987882
    5.7071            0.981578
   5.71356            0.986559
   5.72002            0.984566
   5.72649            0.984938
   5.73295            0.987232
   5.73941            0.983996
   5.74588            0.983305
   5.75234            0.984674
    5.7588            0.984258
   5.76527            0.986724
   5.77173            0.984885
   5.77819             0.98753
   5.78466            0.984267
   5.79112            0.984919
   5.79758            0.987534
   5.80405            0.984223
   5.81051               0.987
   5.81697            0.985509
   5.82344            0.983136
    5.8299            0.986957
   5.83636            0.987574
   5.84283            0.985787
   5.84929            0.985288
   5.85575            0.982929
   5.86222            0.986705
   5.86868            0.983788
   5.87514            0.984914
   5.88161            0.988456
   5.88807            0.983564
   5.89453            0.985798
     5.901            0.987796
   5.90746            0.988158
   5.91392            0.988528
   5.92039            0.987019
   5.92685            0.987758
   5.93331            0.985745
   5.93978             0.98228
   5.94624            0.984463
    5.9527             0.98287
   5.95917            0.984503
   5.96563            0.982884
   5.97209            0.987692
   5.97856            0.986611
   5.98502            0.983468
   5.99148            0.989089
   5.99795            0.982766
   6.00441            0.986247
   6.01087            0.983765
   6.01734            0.988827
    6.0238            0.985267
   6.03026            0.984891
   6.03673            0.987544
   6.04319            0.985461
   6.04965            0.987044
   6.05612            0.986127
   6.06258            0.988278
   6.06904            0.987147
   6.07551            0.985762
   6.08197            0.985031
   6.08843            0.986452
    6.0949            0.984085
   6.10136            0.983673
   6.10782            0.986234
   6.11429            0.984451
   6.12075            0.992116
   6.12721             0.98223
   6.13368            0.984352
   6.14014             0.98712
    6.1466            0.983888
   6.15307            0.987582
   6.15953             0.98104
   6.16599             0.98598
   6.17246            0.988887
   6.17892            0.983007
   6.18538            0.989389
   6.19185            0.988257
   6.19831            0.986777
   6.20477            0.983947
   6.21124            0.985576
    6.2177            0.982919
   6.22416            0.986475
   6.23063            0.985603
   6.23709            0.986137
   6.24355            0.987977
   6.25002            0.984527
   6.25648            0.985542
   6.26294            0.986146
    6.2694            0.983248
   6.27587             0.98784
   6.28233            0.986731
   6.28879            0.984679
   6.29526            0.983535
   6.30172            0.988042
   6.30818            0.984016
   6.31465            0.983994
   6.32111             0.98615
   6.32757            0.984759
   6.33404            0.983732
    6.3405            0.985595
   6.34696            0.984976
   6.35343            0.986278
   6.35989            0.983681
   6.36635            0.988987
   6.37282             0.98275
   6.37928            0.988657
   6.38574            0.985576
   6.39221            0.984392
   6.39867             0.98696
   6.40513            0.988695
    6.4116            0.985241
   6.41806            0.986209
   6.42452            0.984006
   6.43099            0.984658
   6.43745            0.989373
   6.44391            0.983441
   6.45038            0.989771
   6.45684            0.989553
