#     BLOCK:  ACTUAL_PE:     PE_AVE:      ERROR:
           1    -8.48016    -8.48016           0
           2    -8.36132    -8.42074   0.0420163
           3    -8.26672     -8.3694   0.0504168
           4    -8.17713    -8.32133   0.0562376
           5    -8.12628    -8.28232   0.0569351
           6       -8.03    -8.24027    0.061032
           7     -7.9955     -8.2053   0.0615196
           8    -7.96812    -8.17565   0.0605537
           9    -7.88038    -8.14284   0.0620801
          10    -7.85534    -8.11409   0.0621743
          11     -7.8401    -8.08919   0.0613089
          12    -7.85446    -8.06962   0.0592381
          13    -7.76331    -8.04606   0.0591823
          14    -7.74069    -8.02425   0.0588374
          15    -7.65623    -7.99971    0.059812
          16    -7.71482    -7.98191   0.0586643
          17    -7.62821     -7.9611   0.0587873
          18    -7.48777    -7.93481   0.0611204
          19    -7.50222    -7.91204   0.0619992
          20      -7.522    -7.89254   0.0618905
          21    -7.47023    -7.87243   0.0621245
          22    -7.51135    -7.85601   0.0614304
          23    -7.54451    -7.84247    0.060234
          24    -7.57928     -7.8315   0.0587141
          25    -7.54781    -7.82016   0.0574516
          26    -7.48411    -7.80723   0.0566771
          27    -7.55629    -7.79794   0.0553348
          28    -7.56118    -7.78948   0.0540008
          29     -7.5124    -7.77993   0.0529772
          30    -7.51666    -7.77115    0.051933
          31    -7.56655    -7.76455   0.0506754
          32    -7.60959    -7.75971   0.0493227
          33    -7.62413     -7.7556   0.0479988
          34    -7.65872    -7.75275   0.0466716
          35     -7.6077    -7.74861   0.0455218
          36    -7.60961    -7.74475   0.0444207
          37    -7.49717    -7.73805   0.0437212
          38    -7.51228    -7.73211   0.0429724
          39    -7.52813    -7.72688   0.0421877
          40    -7.44807    -7.71991   0.0417048
          41    -7.43163    -7.71288   0.0412761
          42    -7.36676    -7.70464   0.0411078
          43    -7.37251    -7.69692    0.040871
          44     -7.4262    -7.69076   0.0404026
          45    -7.40883     -7.6845   0.0399876
          46    -7.38719    -7.67804   0.0396371
          47    -7.47737    -7.67377   0.0390231
          48    -7.50889    -7.67033   0.0383609
          49    -7.51537    -7.66717   0.0377082
          50    -7.55201    -7.66487   0.0370243
          51    -7.63008    -7.66418   0.0363046
          52    -7.60417    -7.66303   0.0356248
          53    -7.65176    -7.66282   0.0349533
          54    -7.65819    -7.66273   0.0343061
          55    -7.65349    -7.66256   0.0336827
          56    -7.60488    -7.66153    0.033097
          57    -7.62081    -7.66082   0.0325241
          58    -7.61588    -7.66004   0.0319725
          59     -7.6031    -7.65908   0.0314452
          60    -7.56999    -7.65759   0.0309562
          61    -7.60641    -7.65675     0.03046
          62    -7.54689    -7.65498   0.0300203
          63    -7.60697    -7.65422   0.0295534
          64    -7.59106    -7.65323   0.0291081
          65    -7.63063    -7.65289   0.0286624
          66    -7.61472    -7.65231   0.0282339
          67    -7.60708    -7.65163   0.0278206
          68    -7.60671    -7.65097   0.0274193
          69    -7.60097    -7.65025   0.0270315
          70    -7.53275    -7.64857   0.0266974
          71    -7.47469    -7.64612   0.0264335
          72    -7.48364    -7.64386   0.0261625
          73    -7.58536    -7.64306   0.0258164
          74    -7.57549    -7.64215   0.0254836
          75    -7.58983    -7.64145   0.0251534
          76    -7.56599    -7.64046    0.024842
          77    -7.59393    -7.63985   0.0245268
          78     -7.5871    -7.63918   0.0242216
          79    -7.55692    -7.63814   0.0239374
          80    -7.52238    -7.63669   0.0236819
          81    -7.51187    -7.63515   0.0234396
          82    -7.56973    -7.63435   0.0231673
          83     -7.5479    -7.63331   0.0229116
          84    -7.59013     -7.6328   0.0226446
          85    -7.58029    -7.63218   0.0223866
          86    -7.65058    -7.63239   0.0221273
          87    -7.61537     -7.6322   0.0218739
          88    -7.66234    -7.63254    0.021628
          89    -7.55495    -7.63167   0.0214025
          90    -7.59432    -7.63125   0.0211687
          91    -7.60695    -7.63098   0.0209378
          92    -7.57769    -7.63041   0.0207182
          93    -7.56876    -7.62974   0.0205061
          94     -7.5684    -7.62909   0.0202983
          95     -7.5622    -7.62839   0.0200968
          96    -7.50761    -7.62713   0.0199268
          97    -7.57541    -7.62659   0.0197285
          98    -7.60274    -7.62635   0.0195287
          99    -7.57299    -7.62581   0.0193389
         100    -7.47063    -7.62426   0.0192077
         101    -7.47874    -7.62282   0.0190715
         102    -7.45389    -7.62116   0.0189563
         103    -7.39276    -7.61895   0.0189015
         104    -7.40368    -7.61688   0.0188327
         105      -7.491    -7.61568   0.0186915
         106     -7.5458    -7.61502   0.0185268
         107    -7.52469    -7.61417   0.0183728
         108    -7.50357    -7.61315   0.0182312
         109    -7.47872    -7.61192   0.0181056
         110    -7.49574    -7.61086   0.0179718
         111    -7.45591    -7.60946    0.017864
         112    -7.50139     -7.6085   0.0177306
         113    -7.56035    -7.60807   0.0175788
         114    -7.50254    -7.60715    0.017449
         115    -7.49532    -7.60618   0.0173243
         116    -7.51954    -7.60543    0.017191
         117    -7.47179    -7.60429    0.017082
         118    -7.48555    -7.60328   0.0169669
         119    -7.55509    -7.60287   0.0168291
         120    -7.52908    -7.60226   0.0167001
         121    -7.57603    -7.60204   0.0165635
         122    -7.55653    -7.60167   0.0164319
         123    -7.61297    -7.60176   0.0162986
         124    -7.61872     -7.6019   0.0161677
         125    -7.49371    -7.60103   0.0160615
         126    -7.60431    -7.60106   0.0159341
         127    -7.56308    -7.60076   0.0158114
         128    -7.52707    -7.60018   0.0156984
         129    -7.52335    -7.59959    0.015588
         130     -7.4594    -7.59851   0.0155053
         131     -7.3847    -7.59688   0.0154726
         132    -7.39452    -7.59535   0.0154312
         133    -7.47399    -7.59443   0.0153421
         134    -7.48973    -7.59365   0.0152475
         135    -7.39192    -7.59216   0.0152076
         136    -7.51557    -7.59159   0.0151062
         137    -7.62518    -7.59184   0.0149979
         138    -7.70533    -7.59266   0.0149118
         139     -7.6294    -7.59293   0.0148068
         140    -7.64554     -7.5933   0.0147058
         141    -7.65267    -7.59372   0.0146076
         142    -7.63364      -7.594   0.0145074
         143    -7.53092    -7.59356   0.0144127
         144    -7.56447    -7.59336    0.014314
         145    -7.55273    -7.59308    0.014218
         146    -7.54588    -7.59276   0.0141243
         147    -7.57991    -7.59267   0.0140285
         148    -7.57689    -7.59256   0.0139341
         149    -7.58876    -7.59254   0.0138406
         150    -7.47975    -7.59179   0.0137688
         151    -7.36164    -7.59026   0.0137617
         152    -7.39038    -7.58895   0.0137338
         153    -7.35513    -7.58742   0.0137288
         154    -7.46954    -7.58665    0.013661
         155    -7.44807    -7.58576   0.0136021
         156    -7.53793    -7.58545   0.0135183
         157    -7.52013    -7.58504   0.0134386
         158     -7.6031    -7.58515   0.0133541
         159    -7.64904    -7.58555   0.0132761
         160    -7.60503    -7.58567   0.0131937
         161     -7.6137    -7.58585   0.0131129
         162    -7.54113    -7.58557   0.0130349
         163    -7.57939    -7.58553    0.012955
         164    -7.49925    -7.58501   0.0128866
         165    -7.54381    -7.58476    0.012811
         166    -7.57848    -7.58472   0.0127338
         167    -7.60407    -7.58484   0.0126581
         168     -7.5705    -7.58475   0.0125831
         169    -7.59147    -7.58479   0.0125087
         170    -7.52219    -7.58442   0.0124405
         171    -7.56593    -7.58431   0.0123682
         172    -7.56292    -7.58419   0.0122969
         173    -7.49018    -7.58365   0.0122379
         174    -7.38276    -7.58249   0.0122219
         175    -7.39716    -7.58143   0.0121978
         176    -7.37147    -7.58024   0.0121867
         177    -7.50889    -7.57984   0.0121245
         178    -7.45719    -7.57915    0.012076
         179    -7.50137    -7.57871   0.0120163
         180    -7.48125    -7.57817   0.0119618
         181     -7.5187    -7.57784   0.0119002
         182    -7.50714    -7.57745   0.0118411
         183    -7.56053    -7.57736   0.0117768
         184    -7.60515    -7.57751   0.0117138
         185    -7.47071    -7.57694   0.0116647
         186    -7.52209    -7.57664   0.0116057
         187     -7.5469    -7.57648   0.0115447
         188    -7.54398    -7.57631   0.0114846
         189     -7.5245    -7.57604   0.0114271
         190    -7.58783     -7.5761   0.0113671
         191    -7.48047     -7.5756   0.0113186
         192    -7.60258    -7.57574   0.0112606
         193    -7.59524    -7.57584   0.0112027
         194    -7.52796    -7.57559   0.0111476
         195    -7.49993     -7.5752   0.0110972
         196    -7.49554     -7.5748    0.011048
         197    -7.45137    -7.57417   0.0110097
         198    -7.47943    -7.57369   0.0109645
         199    -7.46251    -7.57313   0.0109236
         200    -7.53287    -7.57293   0.0108709
         201    -7.54995    -7.57282   0.0108174
         202    -7.57667    -7.57284   0.0107638
         203    -7.57978    -7.57287   0.0107109
         204    -7.56271    -7.57282   0.0106585
         205    -7.50136    -7.57247   0.0106122
         206    -7.49893    -7.57212   0.0105667
         207    -7.43381    -7.57145   0.0105367
         208    -7.47014    -7.57096   0.0104973
         209    -7.51357    -7.57069   0.0104507
         210    -7.47995    -7.57025   0.0104099
         211     -7.5675    -7.57024   0.0103605
         212    -7.60842    -7.57042   0.0103132
         213    -7.64475    -7.57077   0.0102707
         214    -7.65617    -7.57117   0.0102305
         215    -7.74739    -7.57199   0.0102157
         216    -7.72485     -7.5727   0.0101929
         217    -7.67373    -7.57316   0.0101565
         218     -7.7535    -7.57399   0.0101436
         219    -7.78889    -7.57497   0.0101446
         220    -7.75841     -7.5758   0.0101327
         221    -7.73252    -7.57651   0.0101116
         222    -7.66056    -7.57689   0.0100732
         223    -7.71546    -7.57751   0.0100471
         224    -7.55671    -7.57742   0.0100027
         225    -7.48796    -7.57702  0.00996615
         226    -7.51235    -7.57674  0.00992616
         227    -7.45918    -7.57622  0.00989594
         228    -7.36683     -7.5753  0.00989506
         229    -7.34015    -7.57427  0.00990498
         230    -7.39017    -7.57347  0.00989421
         231    -7.42021    -7.57281   0.0098736
         232    -7.45672    -7.57231  0.00984371
         233    -7.48472    -7.57193  0.00980864
         234    -7.52152    -7.57172  0.00976909
         235    -7.52349    -7.57151  0.00972967
         236    -7.49847     -7.5712  0.00969336
         237    -7.49769    -7.57089  0.00965743
         238    -7.52405     -7.5707  0.00961885
         239    -7.47656     -7.5703  0.00958667
         240    -7.49468    -7.56999   0.0095519
         241    -7.49077    -7.56966  0.00951792
         242    -7.55154    -7.56958  0.00947889
         243    -7.57255     -7.5696  0.00943989
         244    -7.60596    -7.56974  0.00940237
         245      -7.606    -7.56989  0.00936516
         246    -7.58811    -7.56997  0.00932738
         247     -7.6168    -7.57016  0.00929155
         248    -7.54976    -7.57007  0.00925445
         249    -7.45887    -7.56963  0.00922805
         250    -7.39175    -7.56892  0.00921853
         251    -7.26783    -7.56772  0.00925951
         252    -7.29912    -7.56665  0.00928391
         253    -7.38121    -7.56592   0.0092761
         254    -7.43545     -7.5654  0.00925379
         255    -7.40284    -7.56477  0.00923944
         256    -7.40217    -7.56413  0.00922515
         257    -7.42428    -7.56359  0.00920529
         258     -7.4096    -7.56299  0.00918894
         259    -7.49643    -7.56273  0.00915705
         260    -7.50611    -7.56252  0.00912442
         261     -7.5282    -7.56238  0.00909041
         262    -7.58158    -7.56246  0.00905601
         263    -7.54119    -7.56238  0.00902194
         264    -7.58864    -7.56248  0.00898831
         265     -7.5153     -7.5623  0.00895616
         266    -7.55984    -7.56229  0.00892249
         267    -7.59301     -7.5624  0.00888981
         268    -7.54061    -7.56232  0.00885702
         269     -7.5795    -7.56239  0.00882432
         270    -7.55254    -7.56235  0.00879171
         271    -7.62491    -7.56258   0.0087623
         272    -7.59607     -7.5627  0.00873095
         273    -7.56819    -7.56272  0.00869899
         274    -7.59645    -7.56285  0.00866812
         275     -7.6083    -7.56301  0.00863817
         276    -7.55023    -7.56297    0.008607
         277     -7.5027    -7.56275  0.00857868
         278    -7.46778    -7.56241  0.00855462
         279    -7.50207    -7.56219  0.00852669
         280    -7.54662    -7.56213  0.00849642
         281    -7.57473    -7.56218   0.0084663
         282    -7.59688     -7.5623  0.00843717
         283    -7.48843    -7.56204  0.00841139
         284    -7.39051    -7.56144  0.00840343
         285    -7.42414    -7.56096  0.00838775
         286    -7.47531    -7.56066  0.00836376
         287    -7.49246    -7.56042    0.008338
         288    -7.44789    -7.56003  0.00831819
         289    -7.47234    -7.55972  0.00829494
         290    -7.47324    -7.55943   0.0082717
         291    -7.48066    -7.55916   0.0082477
         292    -7.43771    -7.55874  0.00822994
         293    -7.37902    -7.55813  0.00822467
         294    -7.38141    -7.55753  0.00821863
         295    -7.49772    -7.55732  0.00819327
         296    -7.47487    -7.55704  0.00817032
         297     -7.4095    -7.55655   0.0081579
         298    -7.44735    -7.55618  0.00813875
         299    -7.46151    -7.55586  0.00811769
         300    -7.50336    -7.55569  0.00809252
         301     -7.4912    -7.55547  0.00806847
         302    -7.48087    -7.55523  0.00804553
         303    -7.45122    -7.55488   0.0080263
         304    -7.46356    -7.55458  0.00800552
         305    -7.41772    -7.55414  0.00799183
         306     -7.4878    -7.55392  0.00796866
         307    -7.49419    -7.55372  0.00794508
         308    -7.49283    -7.55353  0.00792174
         309    -7.47039    -7.55326  0.00790067
         310    -7.50618    -7.55311  0.00787664
         311    -7.46842    -7.55283  0.00785602
         312    -7.48659    -7.55262  0.00783371
         313    -7.48835    -7.55242  0.00781137
         314    -7.47219    -7.55216  0.00779067
         315    -7.42778    -7.55177  0.00777594
         316    -7.43052    -7.55138  0.00776079
         317    -7.44021    -7.55103  0.00774423
         318    -7.54975    -7.55103  0.00771988
         319    -7.55246    -7.55103  0.00769568
         320      -7.489    -7.55084  0.00767407
         321    -7.43553    -7.55048  0.00765857
         322    -7.48001    -7.55026  0.00763791
         323    -7.54403    -7.55024  0.00761429
         324    -7.57018     -7.5503  0.00759104
         325    -7.57156    -7.55037  0.00756796
         326    -7.53884    -7.55033  0.00754483
         327    -7.64962    -7.55064  0.00752786
         328    -7.65925    -7.55097  0.00751219
         329    -7.64633    -7.55126  0.00749495
         330    -7.69076    -7.55168  0.00748415
         331    -7.76461    -7.55232  0.00748914
         332     -7.7437     -7.5529  0.00748873
         333    -7.78123    -7.55358  0.00749756
         334    -7.81272    -7.55436  0.00751515
         335    -7.77476    -7.55502  0.00752146
         336    -7.68497     -7.5554  0.00750901
         337    -7.73582    -7.55594  0.00750579
         338    -7.70697    -7.55639  0.00749688
         339    -7.69968    -7.55681  0.00748667
         340    -7.70289    -7.55724  0.00747697
         341    -7.65277    -7.55752  0.00746029
         342    -7.61928     -7.5577  0.00744066
         343    -7.61353    -7.55786  0.00742074
         344    -7.63098    -7.55808  0.00740222
         345    -7.62415    -7.55827  0.00738324
         346    -7.62913    -7.55847  0.00736474
         347     -7.7026    -7.55889  0.00735522
         348    -7.63611    -7.55911  0.00733743
         349    -7.61098    -7.55926  0.00731791
         350    -7.58616    -7.55933  0.00729741
         351    -7.51754    -7.55922  0.00727759
         352     -7.4879    -7.55901  0.00725973
         353    -7.52168    -7.55891  0.00723994
         354    -7.48687     -7.5587  0.00722234
         355    -7.47271    -7.55846  0.00720606
         356     -7.5026     -7.5583  0.00718753
         357    -7.52552    -7.55821  0.00716798
         358    -7.49828    -7.55805  0.00714991
         359    -7.43025    -7.55769  0.00713885
         360    -7.42755    -7.55733  0.00712817
         361    -7.43016    -7.55698  0.00711712
         362    -7.46599    -7.55672   0.0071019
         363    -7.46175    -7.55646  0.00708715
         364    -7.53196     -7.5564    0.007068
         365     -7.5217     -7.5563  0.00704928
         366    -7.57678    -7.55636  0.00703024
         367     -7.5708     -7.5564  0.00701119
         368    -7.57219    -7.55644  0.00699227
         369     -7.5878    -7.55652  0.00697384
         370    -7.63007    -7.55672  0.00695782
         371    -7.57952    -7.55678  0.00693934
         372    -7.55258    -7.55677   0.0069207
         373    -7.59489    -7.55687   0.0069029
         374    -7.57101    -7.55691  0.00688454
         375    -7.57091    -7.55695  0.00686628
         376    -7.65117     -7.5572  0.00685259
         377     -7.6397    -7.55742  0.00683791
         378    -7.69218    -7.55778  0.00682911
         379    -7.65339    -7.55803  0.00681575
         380    -7.58543     -7.5581  0.00679819
         381    -7.51852      -7.558  0.00678115
         382    -7.58652    -7.55807   0.0067638
         383    -7.62359    -7.55824  0.00674831
         384    -7.58634    -7.55832  0.00673113
         385    -7.62825     -7.5585   0.0067161
         386    -7.56454    -7.55851  0.00669872
         387    -7.57431    -7.55855  0.00668153
         388    -7.53339    -7.55849  0.00666463
         389     -7.5572    -7.55849  0.00664749
         390    -7.53406    -7.55842  0.00663075
         391    -7.51149     -7.5583  0.00661487
         392    -7.60244    -7.55841  0.00659896
         393    -7.62514    -7.55858  0.00658435
         394    -7.68032    -7.55889  0.00657488
         395    -7.65474    -7.55914  0.00656271
         396    -7.62167    -7.55929  0.00654804
         397    -7.62012    -7.55945  0.00653334
         398    -7.65044    -7.55968  0.00652092
         399    -7.64742     -7.5599  0.00650829
         400     -7.6032       -7.56  0.00649292
         401    -7.60824    -7.56012  0.00647784
         402    -7.58046    -7.56018  0.00646192
         403    -7.47452    -7.55996  0.00644938
         404    -7.48842    -7.55979  0.00643585
         405    -7.56602     -7.5598  0.00641998
         406    -7.56334    -7.55981  0.00640417
         407    -7.51613     -7.5597  0.00638933
         408    -7.53683    -7.55965  0.00637392
         409    -7.55414    -7.55963  0.00635835
         410    -7.51984    -7.55954  0.00634358
         411    -7.47735    -7.55934   0.0063313
         412    -7.57012    -7.55936  0.00631599
         413    -7.58701    -7.55943  0.00630105
         414    -7.58692     -7.5595  0.00628618
         415    -7.59948    -7.55959  0.00627177
         416    -7.60008    -7.55969  0.00625745
         417    -7.56796    -7.55971  0.00624247
         418    -7.57873    -7.55975   0.0062277
         419    -7.59821    -7.55985  0.00621352
         420    -7.52958    -7.55977  0.00619914
         421    -7.53344    -7.55971  0.00618473
         422     -7.5386    -7.55966  0.00617028
         423    -7.56459    -7.55967   0.0061557
         424    -7.56501    -7.55969   0.0061412
         425    -7.51741    -7.55959  0.00612755
         426    -7.55424    -7.55957  0.00611318
         427    -7.54148    -7.55953  0.00609901
         428    -7.51698    -7.55943  0.00608557
         429    -7.52736    -7.55936  0.00607185
         430    -7.56999    -7.55938  0.00605778
         431     -7.6062    -7.55949  0.00604469
         432    -7.53824    -7.55944   0.0060309
         433    -7.60027    -7.55954  0.00601771
         434    -7.55307    -7.55952  0.00600386
         435    -7.44955    -7.55927  0.00599538
         436    -7.48555     -7.5591  0.00598401
         437    -7.47226     -7.5589  0.00597362
         438    -7.46358    -7.55868  0.00596394
         439     -7.4405    -7.55841  0.00595643
         440    -7.38825    -7.55803  0.00595544
         441    -7.38894    -7.55764  0.00595426
         442    -7.39788    -7.55728  0.00595175
         443    -7.51376    -7.55718  0.00593913
         444    -7.53351    -7.55713  0.00592599
         445    -7.49325    -7.55699  0.00591441
         446    -7.45707    -7.55676  0.00590539
         447    -7.56371    -7.55678   0.0058922
         448    -7.55811    -7.55678  0.00587905
         449    -7.56684     -7.5568    0.005866
         450    -7.45045    -7.55657  0.00585772
         451    -7.41326    -7.55625  0.00585334
         452    -7.44758    -7.55601  0.00584533
         453    -7.42759    -7.55573   0.0058393
         454    -7.50825    -7.55562  0.00582737
         455    -7.49521    -7.55549  0.00581608
         456    -7.42507     -7.5552  0.00581035
         457    -7.39869    -7.55486  0.00580772
         458    -7.38715    -7.55449  0.00580657
         459    -7.35677    -7.55406  0.00580988
         460    -7.42328    -7.55378   0.0058042
         461    -7.49685    -7.55365  0.00579292
         462     -7.5215    -7.55359   0.0057808
         463    -7.52129    -7.55352  0.00576874
         464    -7.51272    -7.55343  0.00575698
         465    -7.44544     -7.5532  0.00574928
         466    -7.41227    -7.55289  0.00574489
         467    -7.37848    -7.55252  0.00574471
         468    -7.46513    -7.55233  0.00573547
         469    -7.56493    -7.55236  0.00572331
         470    -7.48293    -7.55221  0.00571303
         471    -7.43001    -7.55195  0.00570679
         472    -7.48862    -7.55182  0.00569628
         473    -7.52804    -7.55177  0.00568446
         474    -7.56462     -7.5518  0.00567253
         475    -7.50768     -7.5517  0.00566135
         476    -7.45826    -7.55151  0.00565286
         477    -7.50272     -7.5514  0.00564193
         478    -7.53823    -7.55138   0.0056302
         479     -7.5366    -7.55135  0.00561853
         480     -7.5036    -7.55125   0.0056077
         481    -7.49378    -7.55113  0.00559732
         482    -7.54003     -7.5511  0.00558575
         483    -7.64327    -7.55129  0.00557744
         484    -7.58386    -7.55136  0.00556633
         485    -7.61775     -7.5515  0.00555653
         486    -7.72341    -7.55185  0.00555635
         487    -7.82511    -7.55241   0.0055732
         488    -7.84871    -7.55302  0.00559475
         489    -7.77979    -7.55348   0.0056025
         490    -7.81352    -7.55401  0.00561614
         491    -7.78885    -7.55449  0.00562503
         492    -7.75657     -7.5549  0.00562858
         493    -7.70993    -7.55522  0.00562594
         494    -7.60768    -7.55532  0.00561555
         495    -7.61096    -7.55544  0.00560533
         496    -7.62812    -7.55558  0.00559594
         497    -7.67864    -7.55583  0.00559016
         498    -7.62651    -7.55597  0.00558074
         499    -7.59026    -7.55604  0.00556997
         500    -7.57445    -7.55608  0.00555896
         501     -7.5164      -7.556  0.00554842
         502     -7.5584      -7.556  0.00553737
         503     -7.5317    -7.55596  0.00552658
         504    -7.50703    -7.55586  0.00551646
         505    -7.50033    -7.55575  0.00550663
         506    -7.47606    -7.55559    0.005498
         507    -7.49725    -7.55548  0.00548836
         508    -7.53838    -7.55544  0.00547766
         509    -7.50799    -7.55535  0.00546769
         510    -7.45524    -7.55515   0.0054605
         511    -7.48442    -7.55501  0.00545156
         512    -7.48525    -7.55488  0.00544262
         513    -7.52728    -7.55482  0.00543227
         514     -7.5918     -7.5549  0.00542218
         515    -7.62821    -7.55504  0.00541352
         516    -7.66077    -7.55524  0.00540691
         517    -7.71988    -7.55556  0.00540582
         518    -7.68079     -7.5558  0.00540079
         519    -7.67402    -7.55603  0.00539518
         520    -7.63581    -7.55619  0.00538699
         521    -7.59119    -7.55625  0.00537707
         522    -7.58886    -7.55631  0.00536713
         523    -7.51744    -7.55624  0.00535738
         524    -7.53104    -7.55619  0.00534737
         525    -7.60056    -7.55628  0.00533785
         526    -7.55901    -7.55628  0.00532771
         527    -7.50547    -7.55619  0.00531847
         528    -7.47373    -7.55603  0.00531069
         529    -7.43245     -7.5558  0.00530579
         530    -7.41185    -7.55552  0.00530272
         531    -7.44183    -7.55531  0.00529706
         532    -7.49082    -7.55519  0.00528849
         533    -7.46639    -7.55502  0.00528119
         534    -7.59753     -7.5551   0.0052719
         535    -7.67992    -7.55534  0.00526721
         536    -7.54136    -7.55531  0.00525744
         537     -7.4934    -7.55519  0.00524892
         538    -7.51398    -7.55512  0.00523972
         539    -7.50704    -7.55503  0.00523076
         540    -7.50221    -7.55493  0.00522198
         541    -7.52215    -7.55487  0.00521268
         542    -7.41138     -7.5546  0.00520979
         543    -7.36391    -7.55425  0.00521201
         544     -7.3695    -7.55391  0.00521349
         545     -7.3872    -7.55361  0.00521289
         546    -7.44217     -7.5534  0.00520733
         547     -7.5207    -7.55334  0.00519816
         548    -7.50918    -7.55326   0.0051893
         549    -7.52404    -7.55321  0.00518012
         550    -7.54455    -7.55319  0.00517072
         551    -7.58501    -7.55325  0.00516166
         552     -7.5881    -7.55332   0.0051527
         553    -7.57163    -7.55335  0.00514348
         554    -7.59695    -7.55343   0.0051348
         555    -7.59393     -7.5535  0.00512607
         556    -7.61953    -7.55362  0.00511822
         557    -7.55736    -7.55363  0.00510904
         558    -7.55418    -7.55363  0.00509988
         559    -7.52495    -7.55358  0.00509102
         560    -7.57462    -7.55361  0.00508207
         561    -7.54189    -7.55359  0.00507305
         562    -7.52448    -7.55354  0.00506429
         563    -7.48204    -7.55341  0.00505689
         564    -7.47673    -7.55328  0.00504975
         565    -7.60712    -7.55337  0.00504171
         566    -7.62221    -7.55349  0.00503427
         567    -7.58078    -7.55354  0.00502562
         568    -7.56753    -7.55357  0.00501683
         569    -7.48858    -7.55345  0.00500931
         570    -7.47783    -7.55332  0.00500228
         571    -7.56625    -7.55334  0.00499357
         572    -7.59192    -7.55341   0.0049853
         573    -7.58065    -7.55346  0.00497682
         574    -7.55632    -7.55346  0.00496816
         575    -7.61717    -7.55357  0.00496075
         576    -7.62964    -7.55371   0.0049539
         577    -7.62638    -7.55383  0.00494691
         578    -7.60584    -7.55392  0.00493917
         579    -7.66579    -7.55411  0.00493442
         580    -7.67613    -7.55433  0.00493039
         581    -7.68469    -7.55455  0.00492701
         582    -7.69865     -7.5548  0.00492476
         583    -7.76859    -7.55516  0.00492995
         584    -7.73822    -7.55548  0.00493146
         585    -7.69377    -7.55571   0.0049287
         586    -7.68185    -7.55593  0.00492498
         587    -7.72371    -7.55621  0.00492488
         588    -7.70133    -7.55646  0.00492268
         589    -7.67427    -7.55666  0.00491839
         590    -7.66221    -7.55684   0.0049133
         591     -7.5997    -7.55691  0.00490552
         592    -7.61741    -7.55702   0.0048983
         593     -7.5941    -7.55708  0.00489044
         594     -7.6498    -7.55723   0.0048847
         595    -7.63486    -7.55736  0.00487823
         596    -7.57995     -7.5574  0.00487019
         597    -7.63334    -7.55753   0.0048637
         598    -7.61376    -7.55762  0.00485647
         599    -7.56928    -7.55764   0.0048484
         600    -7.64848    -7.55779  0.00484269
         601    -7.63039    -7.55792  0.00483613
         602    -7.69551    -7.55814   0.0048335
         603      -7.645    -7.55829  0.00482763
         604    -7.63001    -7.55841   0.0048211
         605    -7.62413    -7.55852  0.00481435
         606    -7.60769     -7.5586  0.00480709
         607    -7.59505    -7.55866  0.00479955
         608    -7.60028    -7.55872  0.00479214
         609    -7.58593    -7.55877  0.00478448
         610    -7.61739    -7.55887   0.0047776
         611    -7.63546    -7.55899  0.00477143
         612    -7.62136    -7.55909  0.00476472
         613    -7.61852    -7.55919  0.00475793
         614    -7.49978    -7.55909  0.00475117
         615    -7.63472    -7.55922  0.00474503
         616    -7.58157    -7.55925  0.00473747
         617    -7.60952    -7.55933  0.00473049
         618    -7.64208    -7.55947  0.00472473
         619    -7.61831    -7.55956  0.00471805
         620    -7.60456    -7.55964    0.004711
         621    -7.66733    -7.55981  0.00470661
         622    -7.69647    -7.56003  0.00470417
         623     -7.6825    -7.56023  0.00470072
         624    -7.61287    -7.56031  0.00469394
         625    -7.70687    -7.56054  0.00469229
         626    -7.63232    -7.56066  0.00468619
         627    -7.58285    -7.56069  0.00467885
         628    -7.60975    -7.56077  0.00467205
         629    -7.59836    -7.56083  0.00466501
         630    -7.59549    -7.56089  0.00465793
         631     -7.6917    -7.56109  0.00465516
         632    -7.60188    -7.56116  0.00464824
         633    -7.56345    -7.56116   0.0046409
         634    -7.54287    -7.56113  0.00463367
         635    -7.56899    -7.56115  0.00462639
         636    -7.52179    -7.56108  0.00461953
         637     -7.4857    -7.56097  0.00461379
         638    -7.50209    -7.56087  0.00460748
         639    -7.57326    -7.56089  0.00460031
         640    -7.49708    -7.56079   0.0045942
         641     -7.5486    -7.56077  0.00458708
         642    -7.50139    -7.56068  0.00458086
         643    -7.57202     -7.5607  0.00457377
         644    -7.53545    -7.56066  0.00456684
         645    -7.61788    -7.56075  0.00456062
         646    -7.55517    -7.56074  0.00455357
         647    -7.65232    -7.56088  0.00454873
         648    -7.66908    -7.56105  0.00454477
         649     -7.7032    -7.56127  0.00454305
         650     -7.5647    -7.56127  0.00453606
         651    -7.51362     -7.5612  0.00452968
         652    -7.50334    -7.56111   0.0045236
         653    -7.53834    -7.56108  0.00451681
         654    -7.57607     -7.5611  0.00450996
         655    -7.64076    -7.56122  0.00450472
         656    -7.57146    -7.56124  0.00449788
         657    -7.48165    -7.56111  0.00449266
         658     -7.4378    -7.56093  0.00448974
         659    -7.44594    -7.56075  0.00448632
         660    -7.48687    -7.56064  0.00448092
         661    -7.42404    -7.56043   0.0044789
         662    -7.50848    -7.56036  0.00447282
         663    -7.50979    -7.56028  0.00446673
         664    -7.57422     -7.5603  0.00446005
         665    -7.57866    -7.56033  0.00445343
         666    -7.68305    -7.56051  0.00445055
         667    -7.59621    -7.56057   0.0044442
         668    -7.50433    -7.56048  0.00443834
         669     -7.5478    -7.56046  0.00443175
         670    -7.65741    -7.56061   0.0044275
         671    -7.69614    -7.56081   0.0044255
         672    -7.68137    -7.56099  0.00442255
         673    -7.69897    -7.56119  0.00442073
         674    -7.72477    -7.56144  0.00442083
         675    -7.70454    -7.56165  0.00441936
         676     -7.7246    -7.56189  0.00441939
         677    -7.68947    -7.56208  0.00441688
         678    -7.69705    -7.56228  0.00441485
         679    -7.73216    -7.56253  0.00441543
         680    -7.75091     -7.5628  0.00441762
         681    -7.74828    -7.56308  0.00441952
         682    -7.65165    -7.56321  0.00441495
         683    -7.69219     -7.5634  0.00441252
         684     -7.7128    -7.56361  0.00441147
         685    -7.68031    -7.56378  0.00440832
         686     -7.7017    -7.56399  0.00440648
         687    -7.67422    -7.56415  0.00440298
         688    -7.64906    -7.56427  0.00439831
         689    -7.70928    -7.56448  0.00439696
         690    -7.60275    -7.56454  0.00439094
         691    -7.65479    -7.56467  0.00438653
         692    -7.63762    -7.56477  0.00438145
         693    -7.70245    -7.56497  0.00437963
         694    -7.63283    -7.56507  0.00437442
         695    -7.65248    -7.56519  0.00436993
         696    -7.60374    -7.56525    0.004364
         697    -7.61558    -7.56532  0.00435834
         698    -7.58811    -7.56535  0.00435222
         699    -7.57746    -7.56537  0.00434602
         700    -7.53908    -7.56533  0.00433998
         701     -7.5626    -7.56533  0.00433379
         702    -7.55788    -7.56532  0.00432763
         703    -7.51548    -7.56525  0.00432205
         704    -7.52269    -7.56519  0.00431634
         705     -7.5364    -7.56515  0.00431041
         706    -7.59089    -7.56518  0.00430446
         707    -7.54446    -7.56515  0.00429847
         708    -7.60942    -7.56522  0.00429285
         709    -7.58857    -7.56525  0.00428692
         710    -7.63322    -7.56535  0.00428195
         711    -7.63514    -7.56544  0.00427706
         712    -7.65236    -7.56557  0.00427279
         713    -7.64942    -7.56568  0.00426842
         714    -7.53428    -7.56564  0.00426266
         715    -7.50494    -7.56555  0.00425755
         716    -7.47198    -7.56542  0.00425361
         717    -7.48918    -7.56532    0.004249
         718    -7.47748    -7.56519  0.00424485
         719    -7.46963    -7.56506  0.00424102
         720    -7.38441    -7.56481  0.00424255
         721    -7.38326    -7.56456  0.00424413
         722     -7.4291    -7.56437   0.0042424
         723    -7.48559    -7.56426  0.00423793
         724    -7.56378    -7.56426  0.00423207
         725    -7.53362    -7.56422  0.00422645
         726    -7.53986    -7.56419  0.00422076
         727     -7.5354    -7.56415  0.00421514
         728    -7.50054    -7.56406  0.00421025
         729     -7.5803    -7.56408  0.00420454
         730    -7.58243    -7.56411  0.00419885
         731    -7.57023    -7.56411  0.00419312
         732    -7.54586    -7.56409  0.00418746
         733    -7.55567    -7.56408  0.00418177
         734    -7.53703    -7.56404  0.00417623
         735    -7.60452     -7.5641  0.00417091
         736    -7.56022    -7.56409  0.00416525
         737    -7.50006      -7.564   0.0041605
         738    -7.44868    -7.56385   0.0041578
         739    -7.42091    -7.56365  0.00415667
         740    -7.44943     -7.5635  0.00415392
         741    -7.54095    -7.56347  0.00414842
         742    -7.49496    -7.56338  0.00414386
         743    -7.48311    -7.56327  0.00413969
         744    -7.52332    -7.56322  0.00413447
         745    -7.50307    -7.56314  0.00412971
         746    -7.58007    -7.56316  0.00412424
         747    -7.59474     -7.5632  0.00411894
         748    -7.53296    -7.56316  0.00411363
         749    -7.60993    -7.56322  0.00410861
         750    -7.66948    -7.56336  0.00410557
         751    -7.62605    -7.56345  0.00410095
         752    -7.64253    -7.56355  0.00409685
         753    -7.58634    -7.56358  0.00409152
         754    -7.55811    -7.56358   0.0040861
         755    -7.60632    -7.56363  0.00408108
         756    -7.63547    -7.56373  0.00407679
         757    -7.63084    -7.56382  0.00407237
         758    -7.66321    -7.56395   0.0040691
         759    -7.60451      -7.564  0.00406409
         760    -7.63561    -7.56409  0.00405984
         761    -7.60396    -7.56415  0.00405484
         762    -7.64386    -7.56425  0.00405087
         763    -7.61794    -7.56432  0.00404617
         764    -7.62812    -7.56441  0.00404174
         765    -7.62965    -7.56449  0.00403735
         766    -7.62012    -7.56456  0.00403274
         767    -7.63321    -7.56465  0.00402847
         768    -7.63166    -7.56474  0.00402417
         769     -7.5831    -7.56476  0.00401901
         770    -7.49351    -7.56467  0.00401485
         771    -7.53718    -7.56464  0.00400981
         772    -7.66691    -7.56477   0.0040068
         773    -7.69509    -7.56494  0.00400516
         774    -7.72548    -7.56514  0.00400535
         775    -7.69773    -7.56532  0.00400384
         776     -7.6851    -7.56547  0.00400165
         777    -7.72302    -7.56567  0.00400164
         778    -7.69224    -7.56584   0.0039998
         779    -7.65968    -7.56596  0.00399648
         780    -7.61039    -7.56601  0.00399176
         781    -7.61755    -7.56608  0.00398719
         782    -7.56962    -7.56608   0.0039821
         783    -7.54094    -7.56605  0.00397714
         784    -7.55974    -7.56604  0.00397208
         785    -7.55775    -7.56603  0.00396703
         786    -7.57536    -7.56604    0.003962
         787    -7.45337     -7.5659  0.00395955
         788     -7.3925    -7.56568  0.00396064
         789    -7.37626    -7.56544  0.00396289
         790    -7.38862    -7.56522  0.00396419
         791    -7.31852    -7.56491  0.00397143
         792    -7.30128    -7.56457  0.00398034
         793    -7.33423    -7.56428   0.0039859
         794     -7.3349    -7.56399  0.00399134
         795    -7.34315    -7.56372  0.00399597
         796    -7.37936    -7.56348  0.00399766
         797    -7.42138    -7.56331  0.00399662
         798    -7.46181    -7.56318  0.00399363
         799    -7.54456    -7.56316   0.0039887
         800    -7.56313    -7.56315  0.00398371
         801    -7.50804    -7.56309  0.00397934
         802    -7.52525    -7.56304  0.00397465
         803    -7.58613    -7.56307  0.00396981
         804    -7.54347    -7.56304  0.00396494
         805    -7.54771    -7.56302  0.00396007
         806    -7.58837    -7.56306  0.00395528
         807    -7.63977    -7.56315  0.00395152
         808    -7.53345    -7.56311   0.0039468
         809    -7.53064    -7.56307  0.00394212
         810    -7.54926    -7.56306  0.00393729
         811     -7.5607    -7.56305  0.00393244
         812    -7.56197    -7.56305   0.0039276
         813    -7.54676    -7.56303  0.00392282
         814     -7.5322    -7.56299  0.00391818
         815     -7.4921    -7.56291  0.00391434
         816    -7.49672    -7.56283  0.00391038
         817    -7.44447    -7.56268  0.00390828
         818     -7.4849    -7.56259  0.00390466
         819    -7.50397    -7.56252  0.00390055
         820      -7.521    -7.56246  0.00389612
         821    -7.50546     -7.5624  0.00389199
         822    -7.44298    -7.56225  0.00388997
         823    -7.46154    -7.56213  0.00388716
         824    -7.43665    -7.56198  0.00388543
         825    -7.50918    -7.56191  0.00388125
         826    -7.48272    -7.56182  0.00387773
         827    -7.44179    -7.56167  0.00387576
         828    -7.37437    -7.56144  0.00387767
         829    -7.42966    -7.56128  0.00387625
         830    -7.45791    -7.56116  0.00387358
         831    -7.49414    -7.56108  0.00386976
         832     -7.5011    -7.56101  0.00386578
         833    -7.53853    -7.56098  0.00386123
         834    -7.51782    -7.56093  0.00385695
         835    -7.45943    -7.56081  0.00385425
         836    -7.43639    -7.56066  0.00385251
         837     -7.5146     -7.5606   0.0038483
         838    -7.47202     -7.5605  0.00384516
         839    -7.54224    -7.56048  0.00384064
         840    -7.50296    -7.56041  0.00383667
         841    -7.53807    -7.56038   0.0038322
         842    -7.50577    -7.56032   0.0038282
         843    -7.52418    -7.56027   0.0038239
         844    -7.55997    -7.56027  0.00381937
         845     -7.5952    -7.56031  0.00381507
         846    -7.53707    -7.56029  0.00381066
         847    -7.50722    -7.56022  0.00380668
         848    -7.45839     -7.5601  0.00380408
         849    -7.49307    -7.56003  0.00380042
         850    -7.49666    -7.55995  0.00379668
         851    -7.50254    -7.55988  0.00379282
         852    -7.54076    -7.55986  0.00378843
         853    -7.51305    -7.55981  0.00378439
         854    -7.43149    -7.55966  0.00378294
         855    -7.45996    -7.55954  0.00378031
         856    -7.43751     -7.5594  0.00377858
         857    -7.42577    -7.55924  0.00377739
         858    -7.47129    -7.55914  0.00377438
         859    -7.50262    -7.55907  0.00377056
         860    -7.56949    -7.55908  0.00376619
         861    -7.57419     -7.5591  0.00376186
         862    -7.53086    -7.55907  0.00375764
         863    -7.49846      -7.559  0.00375394
         864    -7.54993    -7.55899  0.00374961
         865    -7.55906    -7.55899  0.00374528
         866    -7.53372    -7.55896  0.00374106
         867    -7.54068    -7.55894  0.00373681
         868    -7.55617    -7.55893  0.00373251
         869    -7.55908    -7.55894  0.00372821
         870    -7.59575    -7.55898  0.00372417
         871     -7.5959    -7.55902  0.00372013
         872    -7.58026    -7.55904  0.00371594
         873    -7.57965    -7.55907  0.00371176
         874    -7.59183    -7.55911   0.0037077
         875    -7.61748    -7.55917  0.00370407
         876    -7.55815    -7.55917  0.00369984
         877    -7.57697    -7.55919  0.00369568
         878    -7.52394    -7.55915  0.00369169
         879    -7.54439    -7.55913  0.00368752
         880    -7.58577    -7.55916  0.00368346
         881    -7.48027    -7.55907  0.00368036
         882    -7.53048    -7.55904  0.00367633
         883    -7.49568    -7.55897  0.00367287
         884    -7.61117    -7.55903  0.00366919
         885    -7.58637    -7.55906  0.00366518
         886    -7.52949    -7.55903  0.00366119
         887    -7.53257      -7.559  0.00365718
         888    -7.59096    -7.55903  0.00365324
         889    -7.47042    -7.55893  0.00365049
         890    -7.43011    -7.55879  0.00364926
         891     -7.4302    -7.55864  0.00364802
         892      -7.331    -7.55839  0.00365284
         893    -7.25154    -7.55805  0.00366488
         894    -7.38448    -7.55785  0.00366592
         895     -7.4505    -7.55773  0.00366378
         896    -7.51651    -7.55769  0.00365998
         897    -7.58414    -7.55772  0.00365602
         898    -7.44753    -7.55759  0.00365401
         899    -7.52176    -7.55755  0.00365016
         900    -7.64452    -7.55765  0.00364739
         901    -7.56323    -7.55766  0.00364334
         902    -7.58916    -7.55769  0.00363947
         903    -7.57715    -7.55771   0.0036355
         904    -7.56634    -7.55772  0.00363149
         905    -7.55733    -7.55772  0.00362748
         906    -7.58104    -7.55775  0.00362357
         907    -7.55783    -7.55775  0.00361957
         908    -7.52232    -7.55771   0.0036158
         909    -7.60631    -7.55776  0.00361222
         910    -7.62034    -7.55783   0.0036089
         911    -7.63011    -7.55791  0.00360581
         912    -7.63796      -7.558  0.00360293
         913    -7.59086    -7.55803  0.00359916
         914    -7.56874    -7.55805  0.00359524
         915    -7.54104    -7.55803  0.00359136
         916    -7.64581    -7.55812  0.00358872
         917    -7.61864    -7.55819  0.00358541
         918    -7.68361    -7.55832  0.00358411
         919    -7.64568    -7.55842  0.00358147
         920    -7.64712    -7.55852  0.00357887
         921    -7.60036    -7.55856  0.00357527
         922    -7.60463    -7.55861  0.00357175
         923    -7.52273    -7.55857  0.00356809
         924    -7.56893    -7.55858  0.00356424
         925    -7.50966    -7.55853  0.00356078
         926    -7.48473    -7.55845  0.00355783
         927    -7.51947    -7.55841  0.00355424
         928     -7.4786    -7.55832  0.00355145
         929    -7.52155    -7.55828  0.00354785
         930    -7.53613    -7.55826  0.00354411
         931     -7.5902    -7.55829  0.00354047
         932    -7.52658    -7.55826  0.00353684
         933    -7.59338     -7.5583  0.00353325
         934    -7.60778    -7.55835  0.00352986
         935    -7.58962    -7.55838  0.00352624
         936    -7.56272    -7.55839  0.00352248
         937    -7.54672    -7.55838  0.00351874
         938    -7.59963    -7.55842  0.00351527
         939    -7.59123    -7.55846   0.0035117
         940    -7.58631    -7.55849  0.00350809
         941    -7.54496    -7.55847  0.00350439
         942    -7.52359    -7.55843  0.00350086
         943    -7.62664    -7.55851   0.0034979
         944    -7.62251    -7.55857  0.00349485
         945    -7.56822    -7.55858  0.00349116
         946    -7.51077    -7.55853  0.00348784
         947    -7.55954    -7.55853  0.00348416
         948    -7.61113    -7.55859  0.00348092
         949    -7.64685    -7.55868   0.0034785
         950     -7.5759     -7.5587  0.00347488
         951    -7.59732    -7.55874  0.00347147
         952    -7.63201    -7.55882  0.00346867
         953    -7.65601    -7.55892  0.00346653
         954     -7.6467    -7.55901  0.00346412
         955    -7.64617     -7.5591  0.00346169
         956    -7.61702    -7.55916   0.0034586
         957    -7.57675    -7.55918  0.00345504
         958    -7.62173    -7.55925  0.00345205
         959     -7.5671    -7.55926  0.00344846
         960     -7.4865    -7.55918   0.0034457
         961    -7.48413     -7.5591    0.003443
         962    -7.50748    -7.55905  0.00343984
         963    -7.56541    -7.55906  0.00343627
         964    -7.58001    -7.55908  0.00343278
         965    -7.58401     -7.5591  0.00342932
         966    -7.49955    -7.55904  0.00342632
         967    -7.49027    -7.55897  0.00342352
         968    -7.49138     -7.5589  0.00342069
         969    -7.58626    -7.55893  0.00341728
         970    -7.58209    -7.55895  0.00341384
         971    -7.62022    -7.55902   0.0034109
         972    -7.60108    -7.55906  0.00340767
         973    -7.51814    -7.55902  0.00340443
         974    -7.54941    -7.55901  0.00340095
         975    -7.55127      -7.559  0.00339747
         976    -7.50114    -7.55894   0.0033945
         977    -7.46963    -7.55885  0.00339226
         978     -7.3073    -7.55859  0.00339853
         979    -7.44454    -7.55847  0.00339705
         980    -7.52348    -7.55844  0.00339377
         981    -7.49461    -7.55837  0.00339094
         982    -7.50525    -7.55832  0.00338792
         983    -7.51485    -7.55828  0.00338476
         984     -7.5325    -7.55825  0.00338142
         985    -7.47635    -7.55817  0.00337901
         986     -7.5294    -7.55814  0.00337571
         987     -7.5039    -7.55808  0.00337274
         988    -7.54046    -7.55806  0.00336937
         989     -7.6184    -7.55813  0.00336651
         990    -7.63555     -7.5582  0.00336402
         991     -7.6275    -7.55827  0.00336135
         992    -7.62518    -7.55834  0.00335864
         993    -7.58054    -7.55836  0.00335533
         994     -7.5463    -7.55835  0.00335198
         995    -7.60312     -7.5584  0.00334891
         996     -7.5808    -7.55842  0.00334563
         997    -7.60117    -7.55846  0.00334255
         998    -7.66782    -7.55857  0.00334099
         999     -7.6882     -7.5587  0.00334017
        1000    -7.64738    -7.55879    0.003338
