1.04883
1.04883
1.04883
1.04883
1.04883
1.04883
1.04883
1.04883
1.04883
1.04883
1.04883
1.04883
1.04883
1.04883
1.04883
1.04883
1.04883
1.04883
1.04883
1.04883
1.04883
1.04883
1.04883
1.04883
1.04883
1.04883
1.04883
1.04883
1.04883
1.04883
1.04883
1.04883
1.04883
1.04883
1.04883
1.04883
1.04883
1.04883
1.04883
1.04883
1.04883
1.04883
1.04883
1.04883
1.04883
1.04883
1.04883
1.04883
1.04883
1.04883
1.04883
1.04883
1.04883
1.04883
1.04883
1.04883
1.04883
1.04883
1.04883
1.04883
1.04883
1.04883
1.04883
1.04883
1.04883
1.04883
1.04883
1.04883
1.04883
1.04883
1.04883
1.04883
1.04883
1.04883
1.04883
1.04883
1.04883
1.04883
1.04883
1.04883
1.04883
1.04883
1.04883
1.04883
1.04883
1.04883
1.04883
1.04883
1.04883
1.04883
1.04883
1.04883
1.04883
1.04883
1.04883
1.04883
1.04883
1.04883
1.04883
1.04883
1.04883
1.04883
1.04883
1.04883
1.04883
1.04883
1.04883
1.04883
1.04883
1.04883
1.04883
1.04883
1.04883
1.04883
1.04883
1.04883
1.04883
1.04883
1.04883
1.04883
1.04883
1.04883
1.04883
1.04883
1.04883
1.04883
1.04883
1.04883
1.04883
1.04883
1.04883
1.04883
1.04883
1.04883
1.04883
1.04883
1.04883
1.04883
1.04883
1.04883
1.04883
1.04883
1.04883
1.04883
1.04883
1.04883
1.04883
1.04883
1.04883
1.04883
1.04883
1.04883
1.04883
1.04883
1.04883
1.04883
1.04883
1.04883
1.04883
1.04883
1.04883
1.04883
1.04883
1.04883
1.04883
1.04883
1.04883
1.04883
1.04883
1.04883
1.04883
1.04883
1.04883
1.04883
1.04883
1.04883
1.04883
1.04883
1.04883
1.04883
1.04883
1.04883
1.04883
1.04883
1.04883
1.04883
1.04883
1.04883
1.04883
1.04883
1.04883
1.04883
1.04883
1.04883
1.04883
1.04883
1.04883
1.04883
1.04883
1.04883
1.04883
1.04883
1.04883
1.04883
1.04883
1.04883
1.04883
1.04883
1.04883
1.04883
1.04883
1.04883
1.04883
1.04883
1.04883
1.04883
1.04883
1.04883
1.04883
1.04883
1.04883
1.04883
1.04883
1.04883
1.04883
1.04883
1.04883
1.04883
1.04883
1.04883
1.04883
1.04883
1.04883
1.04883
1.04883
1.04883
1.04883
1.04883
1.04883
1.04883
1.04883
1.04883
1.04883
1.04883
1.04883
1.04883
1.04883
1.04883
1.04883
1.04883
1.04883
1.04883
1.04883
1.04883
1.04883
1.04883
1.04883
1.04883
1.04883
1.04883
1.04883
1.04883
1.04883
1.04883
1.04883
1.04883
1.04883
1.04883
1.04883
1.04883
1.04883
1.04883
1.04883
1.04883
1.04883
1.04883
1.04883
1.04883
1.04883
1.04883
1.04883
1.04883
1.04883
1.04883
1.04883
1.04883
1.04883
1.04883
1.04883
1.04883
1.04883
1.04883
1.04883
1.04883
1.04883
1.04883
1.04883
1.04883
1.04883
1.04883
1.04883
1.04883
1.04883
1.04883
1.04883
1.04883
1.04883
1.04883
1.04883
1.04883
1.04883
1.04883
1.04883
1.04883
1.04883
1.04883
1.04883
1.04883
1.04883
1.04883
1.04883
1.04883
1.04883
1.04883
1.04883
1.04883
1.04883
1.04883
1.04883
1.04883
1.04883
1.04883
1.04883
1.04883
1.04883
1.04883
1.04883
1.04883
1.04883
1.04883
1.04883
1.04883
1.04883
1.04883
1.04883
1.04883
1.04883
1.04883
1.04883
1.04883
1.04883
1.04883
1.04883
1.04883
1.04883
1.04883
1.04883
1.04883
1.04883
1.04883
1.04883
1.04883
1.04883
1.04883
1.04883
1.04883
1.04883
1.04883
1.04883
1.04883
1.04883
1.04883
1.04883
1.04883
1.04883
1.04883
1.04883
1.04883
1.04883
1.04883
1.04883
1.04883
1.04883
1.04883
1.04883
1.04883
1.04883
1.04883
1.04883
1.04883
1.04883
1.04883
1.04883
1.04883
1.04883
1.04883
1.04883
1.04883
1.04883
1.04883
1.04883
1.04883
1.04883
1.04883
1.04883
1.04883
1.04883
1.04883
1.04883
1.04883
1.04883
1.04883
1.04883
1.04883
1.04883
1.04883
1.04883
1.04883
1.04883
1.04883
1.04883
1.04883
1.04883
1.04883
1.04883
1.04883
1.04883
1.04883
1.04883
1.04883
1.04883
1.04883
1.04883
1.04883
1.04883
1.04883
1.04883
1.04883
1.04883
1.04883
1.04883
1.04883
1.04883
1.04883
1.04883
1.04883
1.04883
1.04883
1.04883
1.04883
1.04883
1.04883
1.04883
1.04883
1.04883
1.04883
1.04883
1.04883
1.04883
1.04883
1.04883
1.04883
1.04883
1.04883
1.04883
1.04883
1.04883
1.04883
1.04883
1.04883
1.04883
1.04883
1.04883
1.04883
1.04883
1.04883
1.04883
1.04883
1.04883
1.04883
1.04883
1.04883
1.04883
1.04883
1.04883
1.04883
1.04883
1.04883
1.04883
1.04883
1.04883
1.04883
1.04883
1.04883
1.04883
1.04883
1.04883
1.04883
1.04883
1.04883
1.04883
1.04883
1.04883
1.04883
1.04883
1.04883
1.04883
1.04883
1.04883
1.04883
1.04883
1.04883
1.04883
1.04883
1.04883
1.04883
1.04883
1.04883
1.04883
1.04883
1.04883
1.04883
1.04883
1.04883
1.04883
1.04883
1.04883
1.04883
1.04883
1.04883
1.04883
1.04883
1.04883
1.04883
1.04883
1.04883
1.04883
1.04883
1.04883
1.04883
1.04883
1.04883
1.04883
1.04883
1.04883
1.04883
1.04883
1.04883
1.04883
1.04883
1.04883
1.04883
1.04883
1.04883
1.04883
1.04883
1.04883
1.04883
1.04883
1.04883
1.04883
1.04883
1.04883
1.04883
1.04883
1.04883
1.04883
1.04883
1.04883
1.04883
1.04883
1.04883
1.04883
1.04883
1.04883
1.04883
1.04883
1.04883
1.04883
1.04883
1.04883
1.04883
1.04883
1.04883
1.04883
1.04883
1.04883
1.04883
1.04883
1.04883
1.04883
1.04883
1.04883
1.04883
1.04883
1.04883
1.04883
1.04883
1.04883
1.04883
1.04883
1.04883
1.04883
1.04883
1.04883
1.04883
1.04883
1.04883
1.04883
1.04883
1.04883
1.04883
1.04883
1.04883
1.04883
1.04883
1.04883
1.04883
1.04883
1.04883
1.04883
1.04883
1.04883
1.04883
1.04883
1.04883
1.04883
1.04883
1.04883
1.04883
1.04883
1.04883
1.04883
1.04883
1.04883
1.04883
1.04883
1.04883
1.04883
1.04883
1.04883
1.04883
1.04883
1.04883
1.04883
1.04883
1.04883
1.04883
1.04883
1.04883
1.04883
1.04883
1.04883
1.04883
1.04883
1.04883
1.04883
1.04883
1.04883
1.04883
1.04883
1.04883
1.04883
1.04883
1.04883
1.04883
1.04883
1.04883
1.04883
1.04883
1.04883
1.04883
1.04883
1.04883
1.04883
1.04883
1.04883
1.04883
1.04883
1.04883
1.04883
1.04883
1.04883
1.04883
1.04883
1.04883
1.04883
1.04883
1.04883
1.04883
1.04883
1.04883
1.04883
1.04883
1.04883
1.04883
1.04883
1.04883
1.04883
1.04883
1.04883
1.04883
1.04883
1.04883
1.04883
1.04883
1.04883
1.04883
1.04883
1.04883
1.04883
1.04883
1.04883
1.04883
1.04883
1.04883
1.04883
1.04883
1.04883
1.04883
1.04883
1.04883
1.04883
1.04883
1.04883
1.04883
1.04883
1.04883
1.04883
1.04883
1.04883
1.04883
1.04883
1.04962
1.05481
1.06352
1.07875
1.07875
1.07893
1.08128
1.10576
1.11838
1.11981
1.11981
1.12186
1.12544
1.13934
1.14399
1.15922
1.16973
1.17154
1.17352
1.17352
1.17507
1.17507
1.17507
1.17507
1.19239
1.19461
1.20249
1.20272
1.20302
1.20481
1.21109
1.21893
1.21969
1.22163
1.22932
1.23019
1.23351
1.25386
1.25675
1.26547
1.27049
1.27301
1.27562
1.28017
1.28661
1.30207
1.30371
1.30596
1.30596
1.31992
1.32029
1.32636
1.34247
1.36199
1.36782
1.36782
1.37298
1.37436
1.3787
1.38257
1.38688
1.39587
1.39674
1.40209
1.40808
1.40857
1.41003
1.41675
1.41993
1.41993
1.41993
1.44041
1.44542
1.45252
1.45286
1.45295
1.45851
1.45965
1.46382
1.4656
1.4656
1.46854
1.46994
1.48738
1.48798
1.49714
1.51094
1.513
1.51457
1.52147
1.5225
1.52265
1.52791
1.53124
1.53124
1.56141
1.56198
1.56451
1.57226
1.58045
1.5843
1.58865
1.59466
1.60081
1.6061
1.60788
1.6153
1.61566
1.63049
1.63049
1.63049
1.63353
1.63587
1.63998
1.64989
1.6556
1.65653
1.66019
1.66097
1.66594
1.66747
1.66938
1.66969
1.6741
1.69421
1.69751
1.70291
1.71678
1.71969
1.73081
1.73354
1.73734
1.73918
1.75661
1.76714
1.76844
1.76937
1.77927
1.78967
1.79261
1.7963
1.80004
1.81518
1.81564
1.82147
1.83786
1.84163
1.85482
1.86121
1.88419
1.88854
1.89108
1.91299
1.91441
1.92933
1.93688
1.97372
1.98981
1.99082
2.00886
2.01467
2.02111
2.05851
2.05868
2.06311
2.06833
2.07265
2.07364
2.08815
2.08815
2.09158
2.09282
2.113
2.12421
2.12421
2.12421
2.16059
2.18453
2.20814
2.25668
2.26711
2.26769
2.28046
2.31263
2.32752
2.36472
2.39061
2.39422
2.39422
2.39836
2.42398
2.4569
2.4569
2.47838
2.49001
2.49909
2.52016
2.59424
2.61403
2.64999
2.69098
2.69991
2.71027
2.73258
2.74637
2.74637
2.75122
2.77317
2.77644
2.77733
2.77801
2.78453
2.81741
2.86176
2.86176
2.89006
2.8924
2.89886
2.91407
2.92614
2.93186
2.94626
2.94816
2.96148
2.97207
2.97207
2.97988
2.97988
3.06903
3.08009
3.08009
3.09954
3.1821
3.21303
3.21829
3.24033
3.24585
3.27206
3.28098
3.30379
3.35167
3.39615
3.4023
3.51276
3.5204
3.52972
3.53598
3.55709
3.64089
3.6467
3.66838
3.72831
3.74398
3.78677
3.85391
3.88211
3.91077
4.04938
4.09597
4.15817
4.21538
4.31432
4.35331
4.57754
4.75616
5.2386
5.70574
