#     BLOCK:   ACTUAL_M:     M_AVE:       ERROR:
              1     -0.0113804     -0.0113804              0
              2     -0.0236664     -0.0175234     0.00434376
              3     -0.0281996     -0.0210821     0.00410231
              4     -0.0089316     -0.0180445     0.00404805
              5      0.0270204    -0.00903152     0.00868761
              6      0.0059716      -0.006531     0.00759101
              7      -0.020828    -0.00857343     0.00677577
              8     -0.0226264       -0.01033     0.00615229
              9      0.0290996    -0.00594898     0.00685331
             10      0.0091636    -0.00443772     0.00633242
             11      0.0239348     -0.0018584     0.00626004
             12      0.0044944      -0.001329     0.00576072
             13      0.0045956   -0.000873262     0.00533558
             14     -0.0389888     -0.0035958      0.0056062
             15      0.0083272    -0.00280093     0.00528851
             16      0.0154964    -0.00165735     0.00508011
             17      -0.001308     -0.0016368     0.00478133
             18     -0.0164752    -0.00246116     0.00458621
             19      -0.012106    -0.00296878     0.00437283
             20      -0.011368    -0.00338874     0.00417431
             21     -0.0065124    -0.00353749     0.00397818
             22       -0.03344    -0.00489669     0.00402286
             23      0.0317184    -0.00330473     0.00415101
             24      0.0167688    -0.00246833     0.00406144
             25      0.0045664    -0.00218694     0.00390872
             26      -0.023456    -0.00300498     0.00384303
             27     -0.0229444    -0.00374348     0.00377099
             28     -0.0145796    -0.00413049     0.00365611
             29     -0.0152524      -0.004514      0.0035501
             30     -0.0161516    -0.00490192     0.00345289
             31        0.00171    -0.00468863     0.00334809
             32     -0.0141276     -0.0049836     0.00325643
             33     -0.0190232    -0.00540904     0.00318542
             34     -0.0089984    -0.00551461     0.00309348
             35      0.0045372    -0.00522742     0.00301839
             36     -0.0204072    -0.00564908     0.00296386
             37      0.0102836    -0.00521846     0.00291487
             38      0.0219816    -0.00450267     0.00292472
             39       0.016134    -0.00397353      0.0028972
             40      0.0128444    -0.00355308     0.00285512
             41      0.0255044    -0.00284436      0.0028721
             42      -0.005956    -0.00291845     0.00280467
             43      0.0066648    -0.00269558     0.00274828
             44     -0.0276988    -0.00326384     0.00274394
             45     -0.0185872    -0.00360436     0.00270401
             46      -0.018742    -0.00393343     0.00266518
             47      0.0068012    -0.00370504     0.00261824
             48      0.0077852    -0.00346566     0.00257461
             49      0.0003552    -0.00338768     0.00252325
             50      -0.015642    -0.00363277     0.00248466
