#     BLOCK:   ACTUAL_M:     M_AVE:       ERROR:
              1      0.0043744      0.0043744              0
              2     -0.0038336      0.0002704     0.00290197
              3     -0.0001712      0.0001232     0.00193837
              4     -0.0040924     -0.0009307     0.00171654
              5      0.0009508     -0.0005544     0.00141388
              6      0.0013732   -0.000233133     0.00121418
              7      0.0015564    2.25143e-05      0.0010673
              8      0.0015504      0.0002135    0.000950823
              9     -0.0003796      0.0001476    0.000847456
             10     -0.0017624      -4.34e-05    0.000783939
             11     -0.0027684   -0.000291127    0.000750794
             12     -0.0025556   -0.000479833    0.000711547
             13      0.0003436   -0.000416492    0.000659626
             14      0.0001388   -0.000376829    0.000613701
             15      0.0029528   -0.000154853    0.000611616
             16      -0.006314     -0.0005398    0.000683885
             17      0.0008236     -0.0004596    0.000648342
             18     -0.0021912     -0.0005558    0.000619419
             19      0.0028212   -0.000378063    0.000611787
             20     -0.0047656    -0.00059744    0.000619282
             21     -0.0026888   -0.000697029    0.000597746
             22     -0.0016212   -0.000739036     0.00057205
             23      0.0032824   -0.000564191    0.000573276
             24     -0.0027324   -0.000654533    0.000556463
             25     -0.0014936   -0.000688096    0.000535216
             26      -8.84e-05   -0.000665031    0.000515127
             27     -0.0027292   -0.000741481    0.000501689
             28     -0.0019668   -0.000785243    0.000485677
             29      -0.002592   -0.000847545    0.000472908
             30     -0.0020012      -0.000886    0.000458706
             31     -0.0002076   -0.000864116     0.00044443
             32     -0.0013084      -0.000878    0.000430759
             33      0.0049996   -0.000699891    0.000453033
             34        0.00216   -0.000615776     0.00044745
             35      0.0037156   -0.000492023    0.000451455
             36     -0.0004084     -0.0004897     0.00043892
             37      0.0011544   -0.000445265    0.000429301
             38      0.0028456   -0.000358663    0.000426649
             39      0.0012672   -0.000316974    0.000417741
             40     -0.0018128    -0.00035437    0.000408968
             41      0.0017512   -0.000303015    0.000402205
             42     -0.0002344   -0.000301381    0.000392632
             43     -0.0002932   -0.000301191    0.000383501
             44       0.003964   -0.000204255    0.000386842
             45     -0.0040844    -0.00029048    0.000387736
             46      0.0027676      -0.000224    0.000384964
             47      0.0019412   -0.000177932     0.00037952
             48      0.0017784   -0.000137175    0.000373795
             49       -0.00153     -0.0001656    0.000367246
             50      -0.002932   -0.000220928    0.000364045
