#     BLOCK:   ACTUAL_M:     M_AVE:       ERROR:
              1     -0.0069524     -0.0069524              0
              2      0.0077096      0.0003786      0.0051838
              3      0.0026112      0.0011228     0.00350888
              4      0.0122944      0.0039157     0.00357433
              5      0.0157404     0.00628064     0.00355681
              6     -0.0031928     0.00470173     0.00329588
              7     -0.0026948     0.00364509     0.00298962
              8     -0.0187928     0.00084035      0.0037049
              9      0.0051232     0.00131622     0.00332366
             10     -0.0248252    -0.00129792     0.00388564
             11      0.0014524    -0.00104789     0.00354044
             12      0.0264404      0.0012428     0.00391697
             13      0.0070712     0.00169114     0.00364123
             14     -0.0068652     0.00107997     0.00343205
             15     -0.0060268    0.000606187     0.00323578
             16      0.0022052    0.000706125     0.00303509
             17     -0.0055688    0.000337012     0.00287891
             18     -0.0209632   -0.000846333     0.00295217
             19     -0.0150032    -0.00159143     0.00288929
             20     -0.0050232    -0.00176302     0.00274992
             21     -0.0228848    -0.00276882     0.00279687
             22      0.0076968    -0.00229311     0.00270989
             23     -0.0026676    -0.00230939     0.00259212
             24     -0.0130496     -0.0027569     0.00252245
             25     -0.0128564    -0.00316088     0.00245369
             26     -0.0095468    -0.00340649     0.00237157
             27       0.008252     -0.0029747     0.00232271
             28     -0.0031244    -0.00298004     0.00223977
             29      0.0010828    -0.00283994     0.00216691
             30     -0.0061548    -0.00295044     0.00209749
             31      0.0080188    -0.00259659     0.00205946
             32      0.0023396    -0.00244234     0.00200087
             33     -0.0055884    -0.00253767     0.00194251
             34     -0.0015572    -0.00250884     0.00188559
             35     -0.0052688    -0.00258769     0.00183337
             36     -0.0155252    -0.00294707     0.00181732
             37     -0.0125472    -0.00320653     0.00178663
             38     -0.0111912    -0.00341665     0.00175193
             39      0.0012848     -0.0032961     0.00171115
             40      0.0022632    -0.00315712       0.001674
             41      0.0064328    -0.00292322     0.00164943
             42     -0.0089012    -0.00306555     0.00161629
             43     -0.0138504    -0.00331636     0.00159804
             44      0.0019212    -0.00319733     0.00156615
             45      0.0254072    -0.00256167     0.00165533
             46       0.002876    -0.00244346     0.00162356
             47     -0.0009308    -0.00241128     0.00158933
             48      0.0021984    -0.00231524     0.00155912
             49     -0.0093216    -0.00245823     0.00153384
             50     -0.0170384    -0.00274983     0.00153064
