#     BLOCK:   ACTUAL_M:     M_AVE:       ERROR:
              1      -0.002554      -0.002554              0
              2     -0.0027644     -0.0026592    7.43876e-05
              3      -0.003836    -0.00305147    0.000324101
              4     -0.0008444     -0.0024997    0.000536116
              5     -0.0014584    -0.00229144    0.000467597
              6      0.0004136     -0.0018406    0.000566762
              7      0.0009932    -0.00143577    0.000613573
              8      0.0028112     -0.0009049    0.000731322
              9      0.0018652   -0.000597111    0.000711893
             10       0.000256     -0.0005118    0.000645795
             11     -0.0025688     -0.0006988    0.000613564
             12      -0.002532   -0.000851567     0.00058114
             13      0.0003464   -0.000759415    0.000543694
             14     -0.0031316   -0.000928857    0.000530606
             15      0.0019256    -0.00073856    0.000528255
             16     -0.0011508   -0.000764325    0.000495867
             17     -0.0020372     -0.0008392    0.000472318
             18      0.0015996   -0.000703711    0.000465105
             19     -0.0002476   -0.000679705    0.000441245
             20     -0.0025592    -0.00077368    0.000429073
             21     -0.0020356   -0.000833771    0.000412828
             22      0.0001488   -0.000789109    0.000396471
             23      0.0009848   -0.000711983    0.000386663
             24     -0.0023996     -0.0007823    0.000376891
             25      0.0008408   -0.000717376    0.000367365
             26      0.0036416   -0.000549723    0.000389618
             27      0.0014948      -0.000474    0.000382475
             28      0.0029808   -0.000350614    0.000388207
             29      0.0016528   -0.000281531    0.000380918
             30      0.0004188   -0.000258187    0.000368935
             31      0.0023996   -0.000172452    0.000366861
             32      0.0028668    -7.7475e-05    0.000367485
             33      0.0012912       -3.6e-05    0.000358682
             34      0.0021376    2.79294e-05    0.000353784
             35      0.0004424    3.97714e-05    0.000343874
             36      0.0020104    9.45111e-05    0.000338651
             37      0.0020296    0.000146811    0.000333512
             38       0.001718    0.000188158    0.000327288
             39     -0.0059088    3.18256e-05    0.000354271
             40     -0.0029404     -4.248e-05    0.000353121
             41     -0.0007224   -5.90634e-05    0.000344897
             42        0.00028   -5.09905e-05     0.00033678
             43      0.0012072   -2.17302e-05    0.000330216
             44      -0.000886   -4.13727e-05    0.000323295
             45      0.0010248     -1.768e-05    0.000316978
             46      -1.64e-05   -1.76522e-05    0.000310087
             47     -0.0037468   -9.69957e-05    0.000313476
             48      -0.000624   -0.000107975    0.000307138
             49     -0.0006328   -0.000118686    0.000301056
             50      0.0003912   -0.000108488    0.000295208
