#     BLOCK:   ACTUAL_M:     M_AVE:       ERROR:
              1      0.0023852      0.0023852              0
              2     -0.0025932      -0.000104     0.00176013
              3     -0.0039288    -0.00137893     0.00156861
              4      0.0062332      0.0005241      0.0020249
              5      -0.000394     0.00034048     0.00162822
              6      0.0022636       0.000661     0.00138804
              7     -0.0013256      0.0003772     0.00121842
              8     -0.0027424     -1.275e-05     0.00112679
              9      -0.002754   -0.000317333     0.00104194
             10     -0.0022608    -0.00051168    0.000955703
             11       0.002098   -0.000274436    0.000897785
             12     -0.0015692   -0.000382333    0.000829427
             13      0.0023316   -0.000173569    0.000791462
             14      0.0052468      0.0002136    0.000824205
             15      0.0003748    0.000224347    0.000769328
             16       0.003196    0.000410075    0.000743326
             17       0.000912      0.0004396    0.000700187
             18       0.003014    0.000582622    0.000675737
             19     -0.0001276    0.000545242    0.000641205
             20      -0.004918     0.00027208    0.000664788
             21       0.002604    0.000383124    0.000642339
             22       0.000268    0.000377891    0.000613163
             23     -0.0006844    0.000331704    0.000588241
             24       -0.00592    7.12167e-05    0.000618724
             25      0.0028316    0.000181632    0.000603747
             26     -0.0053332   -3.04769e-05     0.00061666
             27      0.0051748    0.000162311    0.000623229
             28      0.0035148    0.000282043    0.000612364
             29     -0.0021592    0.000197862    0.000597006
             30      0.0039376     0.00032252    0.000589977
             31      0.0019668    0.000375561    0.000573324
             32     -0.0005672      0.0003461    0.000556164
             33     -0.0012088    0.000298982    0.000541303
             34     -0.0009704    0.000261647    0.000526669
             35      0.0031108    0.000343051    0.000517874
             36      -0.002606    0.000261133    0.000509926
             37     -0.0011332    0.000223449    0.000497535
             38      0.0045668    0.000337747    0.000497398
             39      0.0004156    0.000339744    0.000484648
             40      0.0008096     0.00035149    0.000472674
             41      0.0031232    0.000419093    0.000465955
             42     -0.0026996    0.000344838    0.000460739
             43     -0.0008556    0.000316921    0.000450869
             44     -0.0046872    0.000203191     0.00045474
             45      0.0007744    0.000215884    0.000444812
             46      0.0002964    0.000217635    0.000435145
             47       -0.00292    0.000150877    0.000430977
             48      0.0077744      0.0003097    0.000450314
             49      -0.001542     0.00027191    0.000442706
             50     -0.0050912    0.000164648    0.000446657
