#     BLOCK:   ACTUAL_M:     M_AVE:       ERROR:
              1     -0.0010504     -0.0010504              0
              2      0.0040036      0.0014766     0.00178686
              3     -0.0005592       0.000798     0.00131379
              4     -0.0012276      0.0002916     0.00107853
              5      0.0046176      0.0011568     0.00115902
              6      0.0078848     0.00227813     0.00140737
              7     -0.0034048     0.00146629     0.00142132
              8       0.003918     0.00177275     0.00127626
              9      0.0054096     0.00217684     0.00119672
             10      0.0013072     0.00208988      0.0010802
             11     -0.0013996     0.00177265     0.00102753
             12      0.0044244     0.00199363    0.000965371
             13      0.0007956     0.00190148    0.000895499
             14      -0.001672     0.00164623     0.00086715
             15      0.0098612     0.00219389    0.000966939
             16     -0.0002024     0.00204413    0.000918031
             17      0.0008952     0.00197654    0.000866513
             18     -0.0043176     0.00162687    0.000886124
             19      0.0006244     0.00157411    0.000841055
             20      0.0035764     0.00167422    0.000804938
             21      0.0016652     0.00167379    0.000766608
             22      0.0043044     0.00179336    0.000741029
             23     -0.0016048     0.00164562    0.000723389
             24      -5.04e-05     0.00157495    0.000696691
             25     -0.0009568     0.00147368    0.000676144
             26     -0.0038364     0.00126945    0.000680284
             27       0.007342     0.00149436    0.000691268
             28      0.0095436     0.00178183    0.000723891
             29     -0.0024948     0.00163436    0.000713793
             30      0.0071324     0.00181763    0.000713139
             31     -0.0006868     0.00173684    0.000694695
             32     -0.0041176     0.00155389     0.00069666
             33      0.0054072     0.00167065    0.000685265
             34      0.0003784     0.00163265    0.000666163
             35     -0.0026088     0.00151146     0.00065806
             36       -0.00331     0.00137753    0.000653267
             37      0.0017288     0.00138703    0.000635681
             38     -0.0022152     0.00129223     0.00062598
             39     -0.0013584     0.00122427    0.000613608
             40      0.0005972     0.00120859    0.000598468
             41     -0.0001488     0.00117548    0.000584786
             42      -0.001136     0.00112045    0.000573447
             43     -0.0033408      0.0010167    0.000569419
             44     -0.0038708    0.000905618    0.000567208
             45     -0.0017412      0.0008468    0.000557645
             46      0.0075504     0.00099253    0.000564243
             47      0.0035668      0.0010473     0.00055489
             48     -0.0008644     0.00100747    0.000544757
             49      -0.001586    0.000954547    0.000536205
             50     -0.0020244    0.000894968     0.00052878
