#     BLOCK:   ACTUAL_M:     M_AVE:       ERROR:
              1      0.0006772      0.0006772              0
              2     -0.0013132      -0.000318    0.000703713
              3       0.000772    4.53333e-05    0.000555069
              4      0.0029412      0.0007693    0.000752597
              5     -0.0045256    -0.00028968     0.00112234
              6     -0.0072236    -0.00144533     0.00140986
              7      0.0037456   -0.000703771     0.00138986
              8      0.0006304      -0.000537     0.00122609
              9       0.003334   -0.000106889     0.00116286
             10      0.0021164     0.00011544     0.00106761
             11      0.0081308    0.000844109      0.0011936
             12     -0.0071928    0.000174367     0.00126819
             13       0.002946    0.000387569     0.00118842
             14       0.006056    0.000792457     0.00117047
             15      0.0105648     0.00144395     0.00126078
             16     -0.0022168     0.00121515     0.00120256
             17     -0.0022152     0.00101336     0.00114863
             18      0.0042904     0.00119542     0.00109915
             19     -0.0017016     0.00104295     0.00105182
             20     -0.0059108     0.00069526     0.00105513
             21      0.0108328       0.001178     0.00110984
             22     -0.0054824    0.000875255     0.00109991
             23      0.0072176     0.00115101      0.0010861
             24      0.0076232     0.00142068     0.00107381
             25     -0.0035396     0.00122227     0.00104902
             26     -0.0004608     0.00115754     0.00101067
             27     -0.0037436    0.000976015    0.000989408
             28     -0.0010208      0.0009047    0.000956639
             29     -0.0041052    0.000731945     0.00093912
             30       0.004498     0.00085748    0.000916168
             31     -0.0003628    0.000818116    0.000887459
             32      0.0026316    0.000874788    0.000861534
             33     -0.0053752    0.000685394    0.000855991
             34     -0.0061208    0.000485212    0.000853901
             35     -0.0029396     0.00038736    0.000835092
             36       -0.00819      0.0001491    0.000845201
             37      0.0064672    0.000319859     0.00083943
             38     -0.0017872    0.000264411    0.000819169
             39      0.0045024    0.000373077     0.00080534
             40       0.000346      0.0003724    0.000785207
             41      -0.000924     0.00034078    0.000766692
             42      0.0011644     0.00036039    0.000748688
             43     -0.0067844    0.000194233    0.000749488
             44      -0.001298    0.000160318    0.000733221
             45     -0.0076352   -1.29156e-05    0.000737108
             46      -0.000356   -2.03739e-05    0.000721121
             47     -0.0030592   -8.50298e-05    0.000708671
             48       0.003718       -5.8e-06    0.000698322
             49     -0.0031392   -6.97469e-05    0.000686992
             50       0.000232    -6.3712e-05    0.000673279
