#     BLOCK:   ACTUAL_M:     M_AVE:       ERROR:
              1     -0.0018176     -0.0018176              0
              2     -0.0013536     -0.0015856    0.000164049
              3      -0.001772    -0.00164773    0.000120559
              4     -0.0011312     -0.0015186    0.000143813
              5     -0.0020708    -0.00162904    0.000151639
              6     -0.0046092    -0.00212573    0.000470696
              7      0.0019992    -0.00153646    0.000678539
              8     -0.0005952     -0.0014188    0.000603836
              9     -0.0003712     -0.0013024    0.000547847
             10      0.0008348    -0.00108868    0.000533122
             11      0.0003528   -0.000957636    0.000500503
             12     -0.0009704     -0.0009587    0.000458796
             13     -0.0019944    -0.00103837    0.000430365
             14     -0.0025612    -0.00114714    0.000413142
             15     -0.0003984    -0.00109723    0.000388603
             16     -0.0008884    -0.00108417    0.000364535
             17      0.0001516    -0.00101148    0.000350264
             18     -0.0020848    -0.00107111    0.000335843
             19      0.0014512   -0.000938358    0.000343403
             20      0.0027744    -0.00075272     0.00037305
             21       -0.00184   -0.000804495    0.000358861
             22     -0.0003856   -0.000785455    0.000343054
             23      0.0024032   -0.000646817    0.000355048
             24      -0.002034   -0.000704617    0.000344927
             25      0.0017048    -0.00060824    0.000344331
             26      0.0020568   -0.000505738    0.000346008
             27      -0.001378   -0.000538044    0.000334698
             28      -4.36e-05   -0.000520386     0.00032321
             29     -0.0003168   -0.000513366    0.000312141
             30      0.0013336     -0.0004518    0.000307748
             31     -0.0006344    -0.00045769    0.000297877
             32       0.001112   -0.000408637    0.000292579
             33       9.76e-05   -0.000393297    0.000284115
             34      0.0007004   -0.000361129    0.000277574
             35     -0.0018052   -0.000402389    0.000272692
             36      0.0012196   -0.000357333    0.000268814
             37     -0.0001532   -0.000351816    0.000261605
             38      0.0001296   -0.000339147    0.000255027
             39     -0.0024208   -0.000392523    0.000254012
             40     -0.0001008    -0.00038523    0.000247767
             41      0.0002996   -0.000368527    0.000242286
             42      0.0040012   -0.000264486     0.00025789
             43     -0.0003336   -0.000266093    0.000251898
             44      0.0007464   -0.000243082    0.000247222
             45       -0.00051   -0.000249013    0.000241799
             46     -0.0042008   -0.000334922    0.000251341
             47      0.0018948   -0.000287481     0.00025043
             48     -0.0003792   -0.000289392     0.00024522
             49     -0.0009128   -0.000302114    0.000240545
             50      0.0014528   -0.000267016    0.000238281
