#     BLOCK:   ACTUAL_M:     M_AVE:       ERROR:
              1      0.0358744      0.0358744              0
              2      0.0437416       0.039808     0.00278148
              3      -0.024418      0.0183993      0.0175782
              4      0.0110312      0.0165573      0.0132798
              5     -0.0289148     0.00746288      0.0133803
              6     -0.0093956     0.00465313      0.0114415
              7     -0.0092188     0.00267143     0.00997712
              8      0.0230056      0.0052132     0.00904796
              9      0.0025892     0.00492164     0.00804732
             10       0.017336     0.00616308     0.00733772
             11     -0.0566292    0.000454691     0.00860936
             12     -0.0511104     -0.0038424     0.00889992
             13     -0.0160988     -0.0047852     0.00826509
             14      0.0013964    -0.00434366     0.00768651
             15      0.0022612    -0.00390333     0.00718668
             16       0.001816    -0.00354587      0.0067464
             17      -0.030452    -0.00512859     0.00653257
             18       -0.03241    -0.00664422     0.00634303
             19     -0.0036184    -0.00648497     0.00601119
             20      0.0151012    -0.00540566     0.00580671
             21     -0.0167948      -0.005948     0.00555547
             22      0.0125468    -0.00510733     0.00536618
             23     -0.0551096    -0.00728134     0.00555582
             24     -0.0115612    -0.00745967     0.00532719
             25      0.0040844     -0.0069979     0.00513408
             26     -0.0290016     -0.0078442     0.00500588
             27        0.01378     -0.0070433     0.00488412
             28     -0.0082152    -0.00708516     0.00470987
             29      0.0123016    -0.00641665     0.00459466
             30      0.0043712    -0.00605705     0.00445555
             31      0.0359836     -0.0047009      0.0045135
             32     -0.0091168     -0.0048389     0.00437456
             33     -0.0176052    -0.00522576     0.00425907
             34       0.051694    -0.00355165     0.00445068
             35      0.0658964    -0.00156742     0.00474526
             36      0.0147252    -0.00111484     0.00463498
             37     -0.0348244    -0.00202591     0.00459838
             38     -0.0132472    -0.00232121     0.00448684
             39      0.0070356    -0.00208129      0.0043782
             40     -0.0040148    -0.00212963     0.00426901
             41     -0.0433752    -0.00313562     0.00428178
             42      0.0028868    -0.00299223     0.00418223
             43      0.0224936    -0.00239953     0.00412676
             44     -0.0306436    -0.00304145     0.00408259
             45      -0.015454    -0.00331728     0.00400117
             46      -0.022024    -0.00372395      0.0039348
             47      -0.041228    -0.00452191     0.00393116
             48     -0.0134424    -0.00470775     0.00385365
             49      0.0001112     -0.0046094     0.00377626
             50     -0.0194192     -0.0049056     0.00371233
