#     BLOCK:   ACTUAL_M:     M_AVE:       ERROR:
              1      0.0064852      0.0064852              0
              2      0.0049856      0.0057354    0.000530189
              3     -0.0035872     0.00262787     0.00256179
              4      0.0030256      0.0027273     0.00192327
              5      -0.002902     0.00160144     0.00183886
              6      0.0029196     0.00182113     0.00154545
              7      -3.64e-05     0.00155577     0.00134726
              8       9.56e-05     0.00137325     0.00119115
              9       0.003382     0.00159644     0.00107951
             10     -0.0005764     0.00137916    0.000993186
             11     -0.0033248    0.000951527     0.00099069
             12     -0.0032468    0.000601667    0.000967939
             13      0.0027572    0.000767477    0.000907573
             14        -0.0014    0.000612657     0.00085585
             15      0.0043208    0.000859867    0.000833732
             16     -0.0019128    0.000686575     0.00079943
             17     -0.0010912       0.000582    0.000759214
             18       0.000764    0.000592111    0.000717103
             19     -0.0023224    0.000438716    0.000695573
             20     -0.0045472     0.00018942    0.000704053
             21      -6.48e-05    0.000177314    0.000670631
             22      0.0025856    0.000286782     0.00064902
             23      0.0059244    0.000531896     0.00066548
             24     -0.0041544    0.000336633    0.000665782
             25      0.0012832    0.000374496    0.000640227
             26      -0.001438    0.000304785    0.000619386
             27      0.0002276    0.000301926    0.000596453
             28      0.0033228    0.000409814    0.000584827
             29      -0.001904    0.000330028    0.000570077
             30        2.8e-05     0.00031996    0.000551163
             31      -2.96e-05    0.000308684    0.000533499
             32     -0.0026556     0.00021605    0.000524808
             33      0.0061924    0.000397152    0.000539248
             34       0.002946    0.000472118    0.000528572
             35     -0.0008136    0.000435383    0.000514745
             36       -0.00045    0.000410789    0.000501034
             37     -0.0008996    0.000375373    0.000488743
             38      0.0021652    0.000422474    0.000478145
             39       0.001198    0.000442359    0.000466298
             40     -0.0006096     0.00041606    0.000455382
             41     -0.0001788    0.000401551    0.000444506
             42     -0.0031288    0.000317495    0.000441799
             43     -0.0024952    0.000252084     0.00043634
             44      0.0012336    0.000274391    0.000426993
             45      0.0013016    0.000297218    0.000418114
             46      0.0003136    0.000297574    0.000409024
             47     -0.0019476    0.000249804    0.000403102
             48      0.0029176    0.000305383    0.000398517
             49     -0.0001196     0.00029671    0.000390478
             50      -0.004362    0.000203536    0.000393628
