#     BLOCK:   ACTUAL_M:     M_AVE:       ERROR:
              1       0.004072       0.004072              0
              2      0.0055524      0.0048122      0.0005234
              3     -0.0115552     -0.0006436     0.00446829
              4      0.0025088      0.0001445     0.00342001
              5      -0.004402     -0.0007648     0.00285433
              6       0.002176   -0.000274667     0.00242032
              7      0.0081516    0.000929086     0.00235496
              8     -0.0090548     -0.0003189     0.00236829
              9     -0.0128348    -0.00170956     0.00248006
             10     -0.0094584    -0.00248444     0.00234999
             11      0.0106472    -0.00129065     0.00242066
             12     -0.0026556     -0.0014044     0.00222161
             13      0.0070956   -0.000750554     0.00214478
             14     -0.0106692    -0.00145903     0.00210534
             15       0.003112    -0.00115429     0.00198692
             16     -0.0040204    -0.00133342     0.00187079
             17      0.0039568    -0.00102224     0.00178644
             18       0.016642   -4.08889e-05     0.00193808
             19     -0.0004464   -6.22316e-05     0.00183619
             20     -0.0096892    -0.00054358     0.00180638
             21      0.0144012    0.000168076     0.00185525
             22     -0.0037228   -8.78182e-06     0.00177933
             23      0.0022608    8.98957e-05     0.00170471
             24     -0.0005392    6.36833e-05     0.00163388
             25      0.0076288    0.000366288      0.0015963
             26      0.0111816    0.000782262     0.00158818
             27     -0.0042428    0.000596148     0.00154022
             28     -0.0048936    0.000400086     0.00149764
             29      -0.008142    0.000105531     0.00147468
             30     -0.0108304      -0.000259     0.00146989
             31      0.0011748   -0.000212748      0.0014232
             32     -0.0078264   -0.000450675     0.00139847
             33      -0.011072   -0.000772533     0.00139264
             34      0.0245836   -2.67647e-05     0.00153846
             35      0.0003796   -1.51543e-05     0.00149454
             36     -0.0008812   -3.92111e-05     0.00145322
             37     -0.0010016   -6.52216e-05     0.00141418
             38      0.0124084    0.000263032     0.00141455
             39      0.0170988    0.000694718     0.00144264
             40      0.0020452     0.00072848     0.00140697
             41      0.0064672    0.000868449      0.0013796
             42      0.0188188     0.00129584      0.0014114
             43     -0.0037808     0.00117778     0.00138351
             44     -0.0020936     0.00110343     0.00135406
             45      0.0033476      0.0011533     0.00132489
             46     -0.0045332     0.00102968     0.00130184
             47     -0.0026284    0.000951847     0.00127647
             48     -0.0075352    0.000775033     0.00126206
             49      0.0147524     0.00106029     0.00126813
             50     -0.0048312    0.000942456     0.00124823
