#     BLOCK:   ACTUAL_M:     M_AVE:       ERROR:
              1       -0.07974       -0.07974              0
              2       0.098608       0.009434      0.0630555
              3     -0.0433392    -0.00815707      0.0444231
              4      -0.105294     -0.0324413      0.0393997
              5      0.0130184     -0.0233494      0.0325519
              6     -0.0550384     -0.0286309      0.0275517
              7     -0.0177976     -0.0270833      0.0236592
              8       0.027378     -0.0202756      0.0216591
              9       0.192462     0.00336196      0.0294501
             10      0.0156976     0.00459552       0.026531
             11     -0.0125936     0.00303287       0.024165
             12       -0.10839     -0.0062524      0.0238686
             13       0.106813     0.00244492      0.0235639
             14     -0.0713652    -0.00282723      0.0224628
             15      -0.118936     -0.0105678      0.0222591
             16       0.047854    -0.00691648      0.0211653
             17      0.0541336    -0.00332529      0.0202226
             18     -0.0243376    -0.00449264      0.0191328
             19       -0.03593    -0.00614724      0.0181972
             20     -0.0045152    -0.00606564      0.0172875
             21     -0.0419424    -0.00777406      0.0165485
             22     -0.0331392    -0.00892702      0.0158364
             23     -0.0394764     -0.0102553      0.0152035
             24     -0.0281124     -0.0109993      0.0145882
             25       0.041786    -0.00888789      0.0141566
             26     -0.0262404    -0.00955529      0.0136279
             27     -0.0544356     -0.0112175      0.0132241
             28       -0.06674     -0.0132005      0.0128997
             29     -0.0327344     -0.0138741      0.0124724
             30     -0.0550452     -0.0152464      0.0121319
             31      -0.107862      -0.018234      0.0121028
             32     -0.0140112     -0.0181021      0.0117254
             33      0.0293864      -0.016663       0.011458
             34       0.051194     -0.0146672      0.0112935
             35     -0.0132932      -0.014628      0.0109709
             36      0.0412048      -0.013077      0.0107752
             37       0.091966      -0.010238      0.0108515
             38      0.0703152    -0.00811822       0.010771
             39      0.0961432    -0.00544485      0.0108215
             40      0.0786256    -0.00334309      0.0107532
             41      0.0078784     -0.0030694      0.0104944
             42     -0.0635552    -0.00450953      0.0103428
             43     -0.0758852    -0.00616943      0.0102346
             44       0.019856    -0.00557795      0.0100191
             45      0.0345392    -0.00468645     0.00983605
             46      0.0126752    -0.00430903     0.00962947
             47     -0.0002984    -0.00422369     0.00942496
             48      0.0738656    -0.00259683     0.00936796
             49     -0.0678652    -0.00392884       0.009271
             50      0.0906192    -0.00203788     0.00927642
