#     BLOCK:   ACTUAL_M:     M_AVE:       ERROR:
              1       -8.8e-05       -8.8e-05              0
              2       0.002946       0.001429     0.00107268
              3      0.0019232     0.00159373     0.00072766
              4     -0.0024348      0.0005866     0.00102887
              5     -0.0023916      -9.04e-06    0.000980468
              6     -0.0024304     -0.0004126     0.00089627
              7        0.00445    0.000282057     0.00100189
              8     -0.0006156     0.00016985    0.000882918
              9     -0.0026348   -0.000141778    0.000838009
             10      0.0035892     0.00023132    0.000833133
             11      0.0022572    0.000415491    0.000777484
             12      0.0006252    0.000432967     0.00071289
             13      0.0011916    0.000491323    0.000660436
             14      0.0048052    0.000799457    0.000681363
             15     -0.0019524       0.000616    0.000660175
             16      -0.003522    0.000357375    0.000667653
             17     -0.0013984    0.000254094    0.000636318
             18      0.0006176    0.000274289    0.000601287
             19      0.0018348    0.000356421    0.000575222
             20     -0.0035164     0.00016278    0.000578137
             21      -0.003712   -2.17333e-05    0.000579302
             22      0.0026152    9.81273e-05    0.000565234
             23      0.0005868    0.000119374    0.000541058
             24     -0.0024628    1.17833e-05    0.000529103
             25      0.0009052      4.752e-05    0.000509145
             26     -0.0074224   -0.000239785    0.000564836
             27     -0.0014052   -0.000282948    0.000545563
             28     -0.0052528   -0.000460443    0.000554201
             29      -0.000714   -0.000469186    0.000535159
             30      0.0001568    -0.00044832    0.000517727
             31     -0.0027364   -0.000522129     0.00050626
             32     -0.0032724   -0.000608075    0.000497681
             33      0.0008684   -0.000563333    0.000484607
             34     -0.0003788   -0.000557906    0.000470384
             35      0.0024808   -0.000471086    0.000464888
             36      -0.000272   -0.000465556    0.000452007
             37      0.0020884    -0.00039653     0.00044503
             38     -0.0018404   -0.000434526    0.000434938
             39       2.28e-05     -0.0004228    0.000423944
             40      0.0024728    -0.00035041     0.00041948
             41      0.0053176   -0.000212166    0.000431428
             42      -0.001762   -0.000249067    0.000422731
             43     -0.0013092   -0.000273721    0.000413618
             44     -0.0026236   -0.000327127    0.000407651
             45      0.0043376   -0.000223467    0.000411561
             46     -0.0074832   -0.000381287    0.000431815
             47     -0.0013972   -0.000402902    0.000423168
             48      0.0024276   -0.000343933     0.00041844
             49     -0.0004272   -0.000345633    0.000409904
             50      0.0007816   -0.000323088    0.000402326
