#     BLOCK:   ACTUAL_M:     M_AVE:       ERROR:
              1       0.241536       0.241536              0
              2       0.139737       0.190636      0.0359913
              3       -0.10719      0.0913609      0.0845347
              4      0.0557348      0.0824544      0.0638685
              5      -0.194441      0.0270753      0.0711629
              6     -0.0728432      0.0104222      0.0612199
              7     -0.0306972       0.004548      0.0527553
              8      -0.215832     -0.0229996      0.0528662
              9      0.0088708     -0.0194584      0.0471106
             10       0.214232      0.0039106      0.0478458
             11       0.016936     0.00509473      0.0435108
             12      0.0816896      0.0114776      0.0403504
             13      -0.025562     0.00862843       0.037347
             14      -0.185796      -0.005259      0.0371718
             15       0.169158      0.0063688       0.036467
             16      0.0598928     0.00971405      0.0343409
             17       0.062596      0.0128248      0.0324614
             18      -0.381883    -0.00910344      0.0373369
             19      -0.197814     -0.0190356      0.0366691
             20     -0.0094448      -0.018556      0.0348388
             21       0.018676     -0.0167831      0.0332249
             22      -0.135379     -0.0221738       0.032149
             23       0.194714     -0.0127439      0.0321044
             24      -0.132756     -0.0177444      0.0311537
             25      -0.119804     -0.0218268      0.0301739
             26       -0.10017       -0.02484      0.0291634
             27      -0.029706     -0.0250202      0.0280838
             28      0.0238104     -0.0232762      0.0271349
             29      -0.312855     -0.0332617      0.0279763
             30       0.001922     -0.0320889      0.0270683
             31       0.260965     -0.0226356      0.0277969
             32      -0.132104     -0.0260564      0.0271379
             33      0.0842332     -0.0227143      0.0265206
             34     -0.0852492     -0.0245536      0.0258043
             35      -0.041112     -0.0250267      0.0250713
             36       0.173008     -0.0195257      0.0249711
             37      0.0805156     -0.0168219      0.0244421
             38       0.122481      -0.013156      0.0240723
             39        0.19305     -0.0078687      0.0240287
             40      0.0231108    -0.00709421      0.0234404
             41       0.026354     -0.0062784      0.0228829
             42     -0.0638188    -0.00764841      0.0223791
             43      -0.223976     -0.0126793       0.022417
             44        0.05832     -0.0110657      0.0219655
             45       0.117196     -0.0082154      0.0216615
             46     -0.0448124    -0.00901099      0.0212052
             47      -0.250716     -0.0141537      0.0213685
             48       0.167094     -0.0103776      0.0212544
             49        0.04476    -0.00925239      0.0208504
             50      -0.260875     -0.0142848      0.0210319
