#     BLOCK:   ACTUAL_M:     M_AVE:       ERROR:
              1     -0.0050776     -0.0050776              0
              2        0.00794      0.0014312     0.00460242
              3      0.0046868      0.0025164     0.00319366
              4     -0.0036352      0.0009785     0.00274063
              5     -0.0027576     0.00023128      0.0022921
              6        0.00498     0.00102273     0.00204216
              7      -0.002174    0.000566057     0.00180076
              8      0.0093048      0.0016584     0.00187797
              9      0.0040284     0.00192173     0.00168767
             10      0.0010104      0.0018306     0.00152136
             11     -0.0031252     0.00138007     0.00144823
             12       -0.01619      -8.41e-05     0.00193068
             13      0.0016776    5.14154e-05     0.00178692
             14      0.0083568    0.000644657     0.00175499
             15     -0.0007228    0.000553493     0.00164036
             16     -0.0105416    -0.00013995     0.00167802
             17      0.0055076    0.000192259     0.00161186
             18     -0.0134756   -0.000567067     0.00169174
             19       0.007248   -0.000155747     0.00165195
             20      0.0029132       -2.3e-06     0.00157646
             21     -0.0092264   -0.000441543     0.00156139
             22      0.0006152   -0.000393509     0.00149115
             23      0.0047648   -0.000169235     0.00144309
             24     -0.0185764     -0.0009362     0.00157363
             25     -0.0050928    -0.00110246     0.00151944
             26       0.006584   -0.000806831     0.00148948
             27      0.0010328   -0.000738696     0.00143587
             28      0.0016364   -0.000653871      0.0013871
             29     -0.0068188   -0.000866455     0.00135546
             30     -0.0004652    -0.00085308     0.00131034
             31      0.0061368     -0.0006276     0.00128733
             32      0.0026832   -0.000524138     0.00125125
             33        0.00091   -0.000480679     0.00121409
             34      0.0045976   -0.000331318     0.00118753
             35     -0.0015484   -0.000366091     0.00115411
             36     -0.0114352   -0.000673567     0.00116229
             37     -0.0035208   -0.000750519     0.00113342
             38      0.0007292   -0.000711579     0.00110426
             39      -8.56e-05   -0.000695528     0.00107606
             40      0.0111348    -0.00039977     0.00108905
             41      -0.011106   -0.000660898     0.00109334
             42     -0.0014192   -0.000678952     0.00106746
             43      0.0032624   -0.000587293     0.00104656
             44      -0.005312   -0.000694673     0.00102827
             45     -0.0038884   -0.000765644     0.00100787
             46     -0.0021068     -0.0007948    0.000986379
             47        -0.0061   -0.000907677     0.00097183
             48     -0.0044028   -0.000980492    0.000954307
             49      0.0080184   -0.000796841    0.000952339
             50      0.0050708   -0.000679488    0.000940495
