#     BLOCK:   ACTUAL_CV:    CV_AVE:      ERROR:
           1    0.253797    0.253797           0
           2    0.256128    0.254963 0.000824056
           3    0.253184     0.25437 0.000732168
           4    0.252814    0.253981 0.000644263
           5    0.254653    0.254115 0.000529243
           6    0.254586    0.254194 0.000446815
           7     0.25278    0.253992 0.000426167
           8    0.253267    0.253901  0.00038241
           9    0.254219    0.253936 0.000341551
          10    0.253358    0.253879 0.000312263
          11    0.254835    0.253966 0.000295735
          12    0.251669    0.253774 0.000327184
          13    0.252933    0.253709 0.000308344
          14    0.253049    0.253662 0.000289903
          15    0.253819    0.253673 0.000270764
          16    0.252463    0.253597 0.000264182
          17    0.252517    0.253534 0.000256172
          18    0.252158    0.253457 0.000253084
          19    0.254136    0.253493 0.000242273
          20    0.254846    0.253561 0.000239417
          21    0.254286    0.253595 0.000230494
          22    0.251557    0.253502 0.000237905
          23    0.252977     0.25348 0.000228654
          24    0.251428    0.253394 0.000234562
          25    0.255024    0.253459 0.000234062
          26     0.25547    0.253537 0.000237489
          27    0.252282     0.25349 0.000233199
          28    0.253804    0.253501  0.00022514
          29     0.25352    0.253502 0.000217377
          30    0.251809    0.253446 0.000217337
          31    0.255608    0.253515 0.000221239
          32    0.253144    0.253504 0.000214629
          33    0.252026    0.253459 0.000212745
          34    0.251402    0.253398  0.00021492
          35    0.252561    0.253375 0.000210106
          36    0.255272    0.253427 0.000210776
          37    0.253648    0.253433 0.000205164
          38    0.252617    0.253412 0.000200886
          39    0.252361    0.253385 0.000197533
          40    0.251984     0.25335 0.000195672
          41    0.251834    0.253313 0.000194361
          42    0.254566    0.253343 0.000192011
          43    0.253047    0.253336 0.000187669
          44    0.257211    0.253424  0.00020302
          45    0.252717    0.253408 0.000199116
          46     0.25131    0.253363 0.000199943
          47    0.254847    0.253394 0.000198169
          48    0.251616    0.253357 0.000197472
          49    0.251794    0.253325 0.000196001
          50    0.253333    0.253325 0.000192081
