#     BLOCK:   ACTUAL_CV:    CV_AVE:      ERROR:
           1    0.324776    0.324776           0
           2    0.329666    0.327221  0.00172873
           3    0.326547    0.326996  0.00116698
           4    0.327503    0.327123 0.000882092
           5    0.330477    0.327794 0.000926208
           6    0.326847    0.327636 0.000785179
           7    0.327854    0.327667 0.000673629
           8    0.329624    0.327912 0.000632265
           9    0.330014    0.328145 0.000603637
          10    0.327391     0.32807 0.000547967
          11    0.326226    0.327902 0.000523167
          12    0.329497    0.328035 0.000496156
          13    0.327832    0.328019 0.000458237
          14    0.329665    0.328137 0.000440323
          15    0.330459    0.328292 0.000437324
          16    0.328419      0.3283 0.000410063
          17    0.329588    0.328375 0.000392886
          18    0.326083    0.328248 0.000391164
          19    0.332109    0.328451 0.000420047
          20    0.328088    0.328433 0.000399437
          21    0.331951    0.328601  0.00041405
          22     0.33039    0.328682 0.000403139
          23    0.327946     0.32865 0.000386879
          24    0.328539    0.328645 0.000370787
          25    0.331243    0.328749 0.000370227
          26    0.329349    0.328772 0.000356705
          27    0.327708    0.328733 0.000345666
          28    0.329322    0.328754 0.000333961
          29    0.328985    0.328762  0.00032254
          30    0.325941    0.328668 0.000325207
          31    0.331211     0.32875 0.000324899
          32     0.32893    0.328756 0.000314795
          33    0.325789    0.328666 0.000317832
          34    0.330599    0.328723 0.000313532
          35    0.327539    0.328689 0.000306391
          36     0.32991    0.328723 0.000299752
          37    0.324131    0.328599 0.000316296
          38    0.327628    0.328573 0.000309002
          39    0.328412    0.328569 0.000301106
          40    0.329548    0.328593 0.000294571
          41    0.325247    0.328512 0.000298478
          42    0.327536    0.328489 0.000292274
          43    0.328629    0.328492 0.000285495
          44    0.334635    0.328631 0.000311279
          45    0.329196    0.328644 0.000304615
          46     0.32884    0.328648 0.000298023
          47    0.332382    0.328728 0.000302085
          48    0.326245    0.328676 0.000300187
          49    0.330249    0.328708 0.000295772
          50    0.328309      0.3287 0.000289965
