#     BLOCK:   ACTUAL_CV:    CV_AVE:      ERROR:
           1    0.446425    0.446425           0
           2    0.436083    0.441254  0.00365667
           3    0.435071    0.439193  0.00296225
           4    0.440815    0.439598  0.00224926
           5    0.433547    0.438388   0.0020999
           6    0.428243    0.436697  0.00233341
           7    0.440298    0.437212  0.00205597
           8     0.43366    0.436768  0.00184628
           9    0.432213    0.436262  0.00170909
          10    0.431175    0.435753   0.0016121
          11    0.449119    0.436968  0.00186817
          12     0.44109    0.437312  0.00174379
          13     0.45021    0.438304  0.00187075
          14    0.444298    0.438732  0.00178545
          15    0.439152     0.43876  0.00166664
          16    0.442306    0.438982  0.00157714
          17    0.438313    0.438942  0.00148486
          18     0.43956    0.438977  0.00140276
          19    0.453793    0.439756   0.0015304
          20    0.432623      0.4394  0.00149487
          21    0.452904    0.440043  0.00155585
          22    0.435821    0.439851  0.00149692
          23    0.434318     0.43961  0.00145104
          24    0.443132    0.439757  0.00139798
          25    0.429567    0.439349  0.00140022
          26    0.439638    0.439361  0.00134641
          27    0.453911    0.439899  0.00140025
          28    0.432075     0.43962  0.00137784
          29    0.446533    0.439858  0.00135079
          30    0.436859    0.439758  0.00130946
          31    0.449056    0.440058  0.00130111
          32     0.43377    0.439862   0.0012752
          33    0.439352    0.439846  0.00123665
          34     0.44412    0.439972  0.00120665
          35     0.43926    0.439952  0.00117235
          36      0.4396    0.439942  0.00113982
          37    0.445899    0.440103  0.00112033
          38    0.445604    0.440248  0.00110016
          39    0.431871    0.440033  0.00109272
          40    0.444371    0.440141  0.00107077
          41    0.437506    0.440077  0.00104658
          42    0.441165    0.440103  0.00102198
          43    0.439503    0.440089 0.000998311
          44    0.444253    0.440184 0.000980097
          45    0.446731    0.440329 0.000969056
          46    0.433691    0.440185 0.000958674
          47    0.439206    0.440164 0.000938503
          48     0.44207    0.440204  0.00091979
          49    0.441401    0.440228 0.000901343
          50    0.437311     0.44017 0.000885203
