#     BLOCK:   ACTUAL_CV:    CV_AVE:      ERROR:
           1    0.387997    0.387997           0
           2    0.384565    0.386281  0.00121315
           3    0.384015    0.385526  0.00101707
           4    0.386891    0.385867 0.000818036
           5    0.383982     0.38549 0.000736228
           6    0.384488    0.385323 0.000632164
           7    0.384013    0.385136 0.000568861
           8    0.384795    0.385093 0.000499342
           9    0.387016    0.385307 0.000487404
          10     0.38725    0.385501 0.000475806
          11    0.385131    0.385468 0.000433736
          12    0.387038    0.385598 0.000416873
          13    0.386021    0.385631 0.000386068
          14    0.386356    0.385683 0.000361951
          15     0.38632    0.385725 0.000340306
          16    0.387408     0.38583  0.00033489
          17    0.387375    0.385921 0.000327286
          18    0.386572    0.385957 0.000311096
          19     0.39076     0.38621 0.000383929
          20    0.384655    0.386132 0.000372526
          21    0.389871     0.38631 0.000395044
          22    0.387863    0.386381 0.000383335
          23    0.386269    0.386376 0.000366699
          24     0.38879    0.386477 0.000364953
          25    0.383394    0.386353 0.000370605
          26    0.391744    0.386561 0.000410266
          27    0.385916    0.386537 0.000395765
          28    0.386264    0.386527 0.000381751
          29    0.381734    0.386362 0.000402785
          30    0.387117    0.386387 0.000390144
          31    0.390307    0.386513 0.000397523
          32    0.385964    0.386496 0.000385471
          33    0.388371    0.386553 0.000377952
          34    0.386206    0.386543 0.000366974
          35    0.384992    0.386499 0.000359152
          36    0.383537    0.386416 0.000358472
          37    0.382916    0.386322  0.00036105
          38    0.383028    0.386235 0.000361806
          39    0.387151    0.386259  0.00035329
          40    0.385887    0.386249  0.00034458
          41    0.386175    0.386247  0.00033618
          42     0.38456    0.386207 0.000330568
          43    0.386698    0.386219 0.000323077
          44    0.390773    0.386322   0.0003319
          45    0.384299    0.386277 0.000327555
          46    0.387827    0.386311 0.000322162
          47    0.385337     0.38629 0.000315974
          48    0.383285    0.386228 0.000315531
          49    0.381404    0.386129 0.000324085
          50    0.386192     0.38613 0.000317606
