#     BLOCK:   ACTUAL_CV:    CV_AVE:      ERROR:
           1    0.411351    0.411351           0
           2    0.411419    0.411385 2.40959e-05
           3     0.40791    0.410227 0.000945861
           4    0.412303    0.410746 0.000839767
           5    0.417408    0.412078  0.00136801
           6     0.40925    0.411607   0.0012185
           7    0.407775     0.41106  0.00116089
           8     0.41071    0.411016   0.0010166
           9    0.408658    0.410754 0.000936788
          10    0.409022    0.410581 0.000858979
          11     0.41445    0.410932 0.000849854
          12    0.410304     0.41088 0.000780646
          13    0.414584    0.411165 0.000770833
          14    0.407638    0.410913 0.000755813
          15    0.412681    0.411031 0.000714556
          16    0.417648    0.411445 0.000780468
          17    0.417535    0.411803 0.000812643
          18    0.419146    0.412211 0.000863856
          19    0.413954    0.412302 0.000823246
          20    0.409057     0.41214 0.000797915
          21    0.417099    0.412376 0.000794084
          22    0.408416    0.412196 0.000778129
          23    0.410581    0.412126 0.000747459
          24    0.407059    0.411915 0.000745538
          25    0.410307    0.411851 0.000718485
          26    0.414988    0.411971 0.000700912
          27    0.408186    0.411831 0.000688833
          28    0.407178    0.411665 0.000683987
          29    0.410792    0.411635 0.000661064
          30    0.415549    0.411765 0.000651773
          31    0.412045    0.411774 0.000630811
          32    0.412114    0.411785 0.000611187
          33    0.416875    0.411939 0.000611817
          34    0.412938    0.411968 0.000594526
          35    0.414513    0.412041 0.000581968
          36    0.408574    0.411945 0.000573716
          37    0.412327    0.411955 0.000558303
          38    0.410197    0.411909 0.000545524
          39    0.409135    0.411838 0.000536152
          40    0.415827    0.411938 0.000531942
          41     0.40713     0.41182 0.000531732
          42     0.41121    0.411806 0.000519271
          43    0.417835    0.411946 0.000525783
          44    0.409865    0.411899 0.000515956
          45    0.415364    0.411976 0.000510206
          46    0.415167    0.412045  0.00050381
          47    0.408925    0.411979 0.000497446
          48     0.40905    0.411918 0.000490809
          49     0.41092    0.411897 0.000481215
          50    0.417959    0.412019 0.000486623
