#     BLOCK:   ACTUAL_CV:    CV_AVE:      ERROR:
           1    0.430959    0.430959           0
           2    0.428285    0.429622 0.000945358
           3    0.423378    0.427541  0.00181238
           4    0.428576      0.4278  0.00137766
           5    0.432339    0.428708  0.00136902
           6    0.425973    0.428252  0.00121433
           7    0.433792    0.429043   0.0012729
           8    0.429342    0.429081  0.00111433
           9    0.426478    0.428791  0.00102736
          10    0.428751    0.428787 0.000924628
          11     0.43583    0.429428  0.00103883
          12    0.434062    0.429814  0.00102152
          13    0.428527    0.429715 0.000947727
          14    0.434145    0.430031 0.000931359
          15     0.43672    0.430477 0.000970169
          16    0.434576    0.430733 0.000942752
          17    0.441525    0.431368  0.00108009
          18    0.429729    0.431277  0.00102391
          19    0.434396    0.431441 0.000983092
          20    0.423933    0.431066  0.00100305
          21    0.433615    0.431187 0.000962604
          22     0.42747    0.431018  0.00093356
          23    0.432848    0.431098 0.000896354
          24    0.426614    0.430911 0.000878261
          25    0.426506    0.430735 0.000860624
          26     0.43306    0.430824 0.000832157
          27    0.429375    0.430771 0.000803066
          28    0.424325     0.43054 0.000806707
          29    0.431184    0.430562 0.000779194
          30    0.435795    0.430737 0.000772495
          31    0.436164    0.430912 0.000767153
          32    0.432364    0.430957 0.000744521
          33     0.43856    0.431188 0.000756768
          34    0.438262    0.431396 0.000762581
          35    0.437348    0.431566 0.000759518
          36    0.428686    0.431486 0.000742622
          37    0.429388    0.431429 0.000724713
          38    0.436117    0.431553 0.000716065
          39    0.434681    0.431633 0.000702182
          40    0.439411    0.431827 0.000711045
          41    0.431013    0.431807  0.00069398
          42    0.437163    0.431935 0.000689074
          43    0.435198    0.432011 0.000677215
          44    0.431885    0.432008 0.000661829
          45    0.447237    0.432346 0.000728524
          46    0.432138    0.432342   0.0007127
          47    0.426257    0.432212 0.000709198
          48    0.434381    0.432257  0.00069586
          49    0.435118    0.432316 0.000684103
          50    0.428597    0.432241 0.000674453
