#     BLOCK:   ACTUAL_CV:    CV_AVE:      ERROR:
           1    0.384542    0.384542           0
           2    0.334364    0.359453   0.0177407
           3    0.337701    0.352202   0.0132261
           4     0.33598    0.348147    0.010523
           5    0.319421    0.342401  0.00986283
           6    0.352814    0.344137   0.0083703
           7     0.33373     0.34265  0.00730537
           8    0.303327    0.337735  0.00787408
           9    0.351378    0.339251  0.00714361
          10    0.338907    0.339216  0.00642933
          11    0.298739    0.335537    0.006817
          12    0.300944    0.332654  0.00683128
          13    0.347674    0.333809  0.00640276
          14    0.340929    0.334318  0.00596559
          15     0.32488    0.333689  0.00560096
          16    0.336155    0.333843  0.00525303
          17    0.325668    0.333362  0.00496599
          18    0.330266     0.33319  0.00469308
          19    0.309114    0.331923  0.00461397
          20    0.308594    0.330756  0.00452832
          21    0.336969    0.331052  0.00432234
          22    0.352956    0.332048  0.00423899
          23    0.329789     0.33195  0.00405582
          24    0.321576    0.331517  0.00390979
          25    0.314505    0.330837  0.00381216
          26     0.30645    0.329899  0.00377916
          27    0.348386    0.330584  0.00370071
          28    0.303259    0.329608  0.00369497
          29    0.314112    0.329073  0.00360599
          30    0.299611    0.328091  0.00361705
          31    0.324898    0.327988  0.00350184
          32     0.31916    0.327712  0.00340325
          33    0.315771    0.327351  0.00331931
          34    0.319729    0.327126  0.00322924
          35    0.336698      0.3274  0.00314854
          36    0.320459    0.327207  0.00306697
          37       0.316    0.326904    0.002999
          38    0.321945    0.326774  0.00292292
          39    0.307938    0.326291   0.0028876
          40     0.35392    0.326981  0.00289685
          41    0.338929    0.327273  0.00284081
          42     0.34693    0.327741  0.00281146
          43    0.322438    0.327618  0.00274878
          44    0.293088    0.326833  0.00279609
          45    0.298156    0.326196  0.00280563
          46    0.328242     0.32624  0.00274499
          47    0.365556    0.327077  0.00281116
          48    0.310132    0.326724  0.00277467
          49      0.3183    0.326552  0.00272336
          50    0.323878    0.326498  0.00266942
