#     BLOCK:   ACTUAL_CV:    CV_AVE:      ERROR:
           1    0.277343    0.277343           0
           2    0.278445    0.277894 0.000389476
           3     0.27636    0.277383 0.000491697
           4    0.275116    0.276816 0.000613893
           5    0.275848    0.276622 0.000520739
           6    0.276661    0.276629  0.00043399
           7    0.274793    0.276367 0.000444236
           8    0.275387    0.276244  0.00040523
           9    0.278189     0.27646 0.000413832
          10    0.276818    0.276496 0.000373992
          11    0.279894    0.276805 0.000449797
          12    0.275976    0.276736 0.000417584
          13    0.276204    0.276695 0.000387461
          14    0.277933    0.276783 0.000369747
          15    0.276931    0.276793 0.000345228
          16    0.274981     0.27668 0.000341719
          17    0.276402    0.276664 0.000322008
          18    0.275624    0.276606 0.000309258
          19    0.277479    0.276652 0.000296376
          20    0.277387    0.276689 0.000283829
          21     0.27772    0.276738 0.000274529
          22    0.276411    0.276723 0.000262452
          23    0.275508     0.27667 0.000256299
          24    0.275764    0.276632 0.000248386
          25    0.279329     0.27674 0.000260823
          26    0.278008    0.276789 0.000255309
          27    0.275421    0.276738 0.000250827
          28    0.276617    0.276734 0.000241907
          29    0.278251    0.276786 0.000239154
          30    0.275267    0.276736 0.000236485
          31    0.280038    0.276842 0.000251711
          32    0.278078    0.276881  0.00024679
          33    0.274707    0.276815 0.000247944
          34    0.274261     0.27674 0.000251774
          35    0.275294    0.276698 0.000247948
          36    0.279129    0.276766 0.000250085
          37    0.274401    0.276702 0.000251365
          38    0.276265    0.276691 0.000245012
          39    0.275511     0.27666  0.00024059
          40    0.274176    0.276598 0.000242461
          41    0.275704    0.276576 0.000237525
          42     0.27669    0.276579 0.000231885
          43     0.27599    0.276565 0.000226897
          44    0.279802    0.276639 0.000233363
          45     0.27607    0.276626  0.00022852
          46    0.274276    0.276575 0.000229193
          47    0.278992    0.276627 0.000230013
          48     0.27565    0.276606 0.000226119
          49    0.276038    0.276595 0.000221801
          50    0.276972    0.276602 0.000217493
