#     BLOCK:   ACTUAL_CV:    CV_AVE:      ERROR:
           1     0.19727     0.19727           0
           2    0.198457    0.197864 0.000419843
           3    0.195903     0.19721 0.000602523
           4    0.197721    0.197338 0.000465226
           5    0.196579    0.197186 0.000396153
           6    0.195778    0.196951 0.000393543
           7    0.195035    0.196678 0.000421935
           8     0.19573    0.196559 0.000385448
           9    0.196866    0.196593 0.000344124
          10    0.196383    0.196572 0.000310352
          11    0.196654     0.19658 0.000282228
          12    0.195054    0.196453 0.000285932
          13    0.196991    0.196494  0.00026692
          14    0.196407    0.196488 0.000247927
          15     0.19603    0.196457 0.000233273
          16    0.194779    0.196352 0.000241122
          17    0.194706    0.196255 0.000245628
          18    0.195901    0.196236 0.000232769
          19    0.197477    0.196301 0.000229506
          20    0.196887     0.19633  0.00021989
          21    0.195917    0.196311 0.000210298
          22    0.194004    0.196206 0.000225376
          23    0.195759    0.196186 0.000216415
          24    0.195133    0.196143 0.000211806
          25    0.196455    0.196155 0.000203703
          26    0.197317      0.1962 0.000200709
          27    0.197206    0.196237 0.000196707
          28    0.196828    0.196258 0.000190811
          29    0.195973    0.196248 0.000184484
          30    0.195872    0.196236 0.000178762
          31    0.198273    0.196301 0.000184682
          32    0.196077    0.196294 0.000179044
          33    0.196233    0.196293 0.000173629
          34    0.194737    0.196247 0.000174446
          35     0.19409    0.196185 0.000180013
          36    0.198703    0.196255 0.000188112
          37    0.196197    0.196254 0.000183034
          38    0.195795    0.196241 0.000178615
          39    0.195556    0.196224 0.000174898
          40    0.197503    0.196256 0.000173424
          41    0.196356    0.196258 0.000169211
          42    0.196467    0.196263 0.000165256
          43    0.197236    0.196286 0.000162955
          44    0.198593    0.196338 0.000167472
          45    0.196516    0.196342 0.000163797
          46    0.197354    0.196364 0.000161707
          47    0.197823    0.196395 0.000161216
          48    0.196257    0.196392 0.000157883
          49    0.194623    0.196356 0.000158736
          50    0.196327    0.196356 0.000155562
