#     BLOCK:   ACTUAL_CV:    CV_AVE:      ERROR:
           1    0.356979    0.356979           0
           2    0.356931    0.356955 1.69975e-05
           3    0.359167    0.357692 0.000602192
           4    0.357049    0.357531 0.000472643
           5    0.358847    0.357794 0.000445396
           6    0.354264    0.357206 0.000652853
           7    0.357317    0.357222 0.000559779
           8    0.360833    0.357673 0.000646717
           9    0.356837     0.35758   0.0005815
          10    0.358542    0.357677 0.000531246
          11    0.356926    0.357608 0.000487318
          12    0.359663    0.357779 0.000475836
          13     0.35804      0.3578 0.000439655
          14    0.356603    0.357714 0.000416474
          15    0.357151    0.357677 0.000390395
          16    0.357443    0.357662 0.000366269
          17    0.356897    0.357617 0.000347477
          18    0.355434    0.357496 0.000348703
          19    0.363214    0.357797 0.000441519
          20    0.355815    0.357698 0.000430421
          21    0.359965    0.357805 0.000423253
          22    0.356605    0.357751 0.000407519
          23    0.359567     0.35783 0.000397373
          24    0.356143     0.35776 0.000386983
          25    0.357448    0.357747 0.000371704
          26    0.360588    0.357856 0.000373123
          27    0.355639    0.357774 0.000368229
          28    0.358394    0.357796 0.000355742
          29    0.358938    0.357836 0.000345646
          30    0.356535    0.357792 0.000336832
          31    0.361538    0.357913 0.000346966
          32    0.356736    0.357876 0.000338066
          33    0.353868    0.357755 0.000348966
          34    0.358563    0.357779 0.000339509
          35    0.353761    0.357664 0.000348678
          36    0.358396    0.357684 0.000339584
          37    0.355829    0.357634 0.000334087
          38    0.356824    0.357613 0.000325975
          39    0.356315    0.357579 0.000319311
          40    0.359453    0.357626 0.000314743
          41    0.353876    0.357535 0.000320084
          42    0.357752     0.35754 0.000312505
          43     0.36105    0.357622 0.000315716
          44    0.359541    0.357665 0.000311539
          45    0.357581    0.357663 0.000304621
          46    0.358136    0.357674 0.000298173
          47     0.36003    0.357724 0.000296014
          48    0.361195    0.357796 0.000298552
          49    0.358183    0.357804 0.000292563
          50    0.356869    0.357785 0.000287309
