#     BLOCK:   ACTUAL_CV:    CV_AVE:      ERROR:
           1    0.214292    0.214292           0
           2    0.214936    0.214614 0.000227712
           3    0.213031    0.214086 0.000456755
           4     0.21413    0.214097 0.000342696
           5    0.213833    0.214044 0.000278206
           6    0.212766    0.213831 0.000302601
           7    0.211984    0.213567 0.000356285
           8    0.211713    0.213336 0.000379713
           9    0.214294    0.213442 0.000352137
          10     0.21301    0.213399 0.000319561
          11    0.214554    0.213504 0.000307277
          12    0.212139     0.21339 0.000301996
          13    0.212878    0.213351 0.000281329
          14    0.213224    0.213342  0.00026138
          15    0.213503    0.213353 0.000244176
          16    0.211995    0.213268 0.000243206
          17     0.21126     0.21315 0.000255977
          18    0.212405    0.213108 0.000245078
          19    0.214752    0.213195 0.000246975
          20    0.214147    0.213242 0.000239169
          21    0.213207    0.213241 0.000227786
          22    0.211094    0.213143 0.000237419
          23    0.212868    0.213131 0.000227396
          24    0.211974    0.213083 0.000222974
          25    0.214399    0.213136 0.000220181
          26    0.214344    0.213182  0.00021656
          27    0.214517    0.213231 0.000214106
          28    0.213046    0.213225 0.000206562
          29    0.214077    0.213254 0.000201518
          30    0.213253    0.213254   0.0001948
          31     0.21501    0.213311 0.000196575
          32    0.213645    0.213321  0.00019071
          33    0.211768    0.213274 0.000190647
          34    0.211155    0.213212 0.000194965
          35    0.211352    0.213159 0.000196501
          36    0.214742    0.213203 0.000195902
          37    0.212794    0.213192 0.000190918
          38    0.213141     0.21319 0.000185899
          39    0.212968    0.213185 0.000181219
          40    0.214086    0.213207 0.000178085
          41    0.213811    0.213222  0.00017435
          42    0.214341    0.213249 0.000172223
          43    0.213438    0.213253 0.000168274
          44    0.215868    0.213312 0.000174628
          45    0.213555    0.213318  0.00017083
          46    0.213669    0.213325 0.000167287
          47    0.214301    0.213346 0.000165009
          48    0.213134    0.213342 0.000161631
          49     0.21196    0.213314 0.000160773
          50    0.213967    0.213327 0.000158088
