#     BLOCK:   ACTUAL_CV:    CV_AVE:      ERROR:
           1    0.448063    0.448063           0
           2    0.428065    0.438064  0.00707049
           3    0.423662    0.433263  0.00613058
           4    0.435264    0.433764  0.00461829
           5    0.429808    0.432972  0.00376178
           6    0.420941    0.430967  0.00363014
           7      0.4292    0.430715  0.00312031
           8    0.418318    0.429165  0.00309118
           9    0.423153    0.428497  0.00281897
          10    0.437664    0.429414  0.00268198
          11    0.447677    0.431074  0.00290697
          12    0.423503    0.430443  0.00273234
          13    0.451649    0.432074  0.00296945
          14     0.42905    0.431858  0.00276519
          15     0.42663     0.43151  0.00260272
          16    0.430919    0.431473  0.00244031
          17     0.44415    0.432219  0.00240802
          18    0.432614    0.432241  0.00227434
          19    0.429311    0.432086  0.00215986
          20    0.428457    0.431905  0.00205948
          21    0.436992    0.432147   0.0019756
          22    0.449515    0.432937  0.00203744
          23    0.430628    0.432836  0.00195133
          24    0.444404    0.433318  0.00192863
          25    0.434132    0.433351  0.00185176
          26    0.430482     0.43324  0.00178382
          27    0.445018    0.433677  0.00177029
          28    0.427044     0.43344  0.00172284
          29    0.447593    0.433928  0.00173118
          30    0.428494    0.433747  0.00168292
          31    0.436688    0.433842  0.00163131
          32    0.432054    0.433786  0.00158129
          33    0.433661    0.433782  0.00153337
          34    0.440594    0.433982  0.00150131
          35    0.435495    0.434025  0.00145903
          36    0.429131     0.43389  0.00142483
          37    0.446043    0.434218  0.00142367
          38    0.431921    0.434158  0.00138749
          39     0.44085    0.434329  0.00136248
          40    0.418112    0.433924  0.00138743
          41    0.419983    0.433584  0.00139463
          42    0.444416    0.433842  0.00138507
          43    0.427424    0.433692  0.00136088
          44    0.438168    0.433794  0.00133374
          45    0.447489    0.434098  0.00133838
          46    0.438155    0.434187  0.00131218
          47    0.442893    0.434372  0.00129727
          48    0.434512    0.434375  0.00127025
          49    0.419283    0.434067  0.00128112
          50    0.429794    0.433981  0.00125835
