#     BLOCK:   ACTUAL_CV:    CV_AVE:      ERROR:
           1    0.232617    0.232617           0
           2    0.234167    0.233392  0.00054808
           3    0.233158    0.233314 0.000370889
           4    0.233596    0.233384  0.00028477
           5    0.232336    0.233175 0.000295087
           6    0.232024    0.232983 0.000301892
           7     0.23141    0.232758 0.000331994
           8    0.230603    0.232489 0.000384573
           9    0.233297    0.232579 0.000352161
          10    0.231915    0.232512 0.000323135
          11    0.234029     0.23265 0.000321851
          12    0.230677    0.232486 0.000334409
          13    0.231538    0.232413 0.000316538
          14    0.231947     0.23238  0.00029567
          15    0.232702    0.232401  0.00027674
          16    0.230963    0.232311 0.000273658
          17    0.230344    0.232195  0.00028097
          18    0.231552     0.23216 0.000267621
          19    0.234221    0.232268 0.000274655
          20     0.23251     0.23228 0.000261187
          21    0.233651    0.232346 0.000256775
          22    0.228993    0.232193  0.00028678
          23     0.23133    0.232156 0.000276754
          24    0.230182    0.232073 0.000277171
          25    0.233677    0.232138 0.000273403
          26    0.233719    0.232198  0.00026957
          27    0.231919    0.232188 0.000259785
          28    0.232762    0.232208 0.000251316
          29    0.232477    0.232218 0.000242821
          30    0.231715    0.232201 0.000235303
          31    0.233487    0.232242 0.000231338
          32    0.231899    0.232232 0.000224357
          33    0.230888    0.232191 0.000221223
          34    0.230702    0.232147  0.00021901
          35    0.230476    0.232099 0.000217895
          36    0.234389    0.232163 0.000220931
          37    0.232425     0.23217 0.000215074
          38    0.231685    0.232157 0.000209792
          39    0.231843    0.232149 0.000204568
          40    0.232416    0.232156 0.000199562
          41    0.232902    0.232174 0.000195523
          42    0.232633    0.232185 0.000191172
          43    0.230693     0.23215 0.000189851
          44      0.2348    0.232211  0.00019485
          45    0.233063     0.23223 0.000191438
          46    0.231269    0.232209 0.000188412
          47    0.233251    0.232231 0.000185703
          48    0.230613    0.232197 0.000184866
          49    0.232335      0.2322 0.000181115
          50    0.232186      0.2322 0.000177493
