#     BLOCK:   ACTUAL_CV:    CV_AVE:      ERROR:
           1    0.426049    0.426049           0
           2    0.415103    0.420576  0.00387006
           3    0.422334    0.421162  0.00262404
           4    0.418945    0.420608  0.00202572
           5     0.43447     0.42338  0.00296234
           6    0.401809    0.419785  0.00410674
           7    0.423577    0.420327   0.0035556
           8    0.422215    0.420563  0.00311898
           9     0.41892     0.42038  0.00277776
          10     0.43697    0.422039  0.00295415
          11    0.427461    0.422532   0.0027264
          12    0.421416    0.422439  0.00250079
          13    0.419733    0.422231  0.00231706
          14    0.434316    0.423094  0.00230675
          15    0.426299    0.423308  0.00216284
          16    0.418985    0.423038  0.00204447
          17    0.434732    0.423726  0.00203665
          18    0.437027    0.424465  0.00205319
          19    0.414652    0.423948  0.00200903
          20    0.414959    0.423499  0.00195821
          21    0.441588     0.42436  0.00204567
          22    0.418517    0.424094  0.00196985
          23    0.434151    0.424532  0.00193212
          24    0.426218    0.424602  0.00185289
          25    0.412129    0.424103  0.00184472
          26    0.429062    0.424294   0.0017836
          27    0.416581    0.424008  0.00174027
          28    0.423323    0.423984  0.00167829
          29      0.4362    0.424405  0.00167244
          30    0.426733    0.424483   0.0016185
          31     0.43169    0.424715   0.0015829
          32    0.421547    0.424616  0.00153653
          33     0.41812    0.424419  0.00150252
          34    0.425636    0.424455  0.00145876
          35    0.421986    0.424384  0.00141878
          36    0.416101    0.424154  0.00139791
          37    0.435614    0.424464  0.00139402
          38    0.425085     0.42448  0.00135743
          39    0.423144    0.424446  0.00132305
          40    0.413254    0.424166  0.00131923
          41    0.422573    0.424127  0.00128763
          42     0.43913    0.424485  0.00130558
          43     0.42081    0.424399  0.00127801
          44    0.424091    0.424392  0.00124898
          45     0.42473      0.4244  0.00122125
          46    0.426666    0.424449  0.00119569
          47    0.424321    0.424446  0.00117026
          48    0.421645    0.424388  0.00114733
          49     0.41015    0.424097  0.00116012
          50    0.436504    0.424345  0.00116316
