#     BLOCK:   ACTUAL_CV:    CV_AVE:      ERROR:
           1    0.301046    0.301046           0
           2     0.30353    0.302288 0.000878376
           3    0.300888    0.301821 0.000698679
           4    0.301623    0.301772 0.000525775
           5    0.301961     0.30181 0.000421987
           6    0.303481    0.302088 0.000433993
           7    0.302157    0.302098 0.000372106
           8    0.299875     0.30182 0.000416661
           9      0.3037    0.302029 0.000419445
          10    0.300933    0.301919 0.000391558
          11    0.302437    0.301967 0.000358783
          12     0.30046    0.301841 0.000350169
          13     0.30277    0.301912 0.000330439
          14    0.304391    0.302089 0.000351067
          15    0.303994    0.302216 0.000349867
          16    0.303548      0.3023 0.000337751
          17    0.301889    0.302275 0.000318744
          18    0.302118    0.302267 0.000301156
          19    0.302579    0.302283 0.000285752
          20     0.30262      0.3023 0.000271959
          21    0.301178    0.302247   0.0002642
          22    0.302273    0.302248 0.000252194
          23    0.300782    0.302184  0.00024915
          24    0.299621    0.302077  0.00026066
          25    0.305867    0.302229 0.000290996
          26    0.305091    0.302339  0.00029991
          27    0.299253    0.302225 0.000309816
          28    0.303519    0.302271 0.000302182
          29    0.304073    0.302333 0.000298082
          30    0.299089    0.302225 0.000307134
          31    0.303967    0.302281 0.000302326
          32    0.303793    0.302328 0.000296546
          33    0.298777    0.302221 0.000306466
          34    0.301907    0.302211 0.000297591
          35    0.299292    0.302128 0.000300548
          36    0.301414    0.302108 0.000292854
          37    0.297119    0.301973 0.000314459
          38    0.301241    0.301954 0.000306773
          39    0.300054    0.301905  0.00030275
          40    0.301555    0.301897 0.000295308
          41    0.300542    0.301864 0.000289949
          42     0.29972    0.301813 0.000287502
          43    0.302977     0.30184 0.000282088
          44    0.307392    0.301966 0.000302585
          45    0.303626    0.302003 0.000298102
          46    0.298834    0.301934 0.000299474
          47    0.304121     0.30198 0.000296695
          48    0.300371    0.301947 0.000292403
          49    0.302741    0.301963 0.000286885
          50    0.301599    0.301956  0.00028124
