#     BLOCK:   ACTUAL_X:     X_AVE:       ERROR:
           1     41.8341     41.8341           0
           2     41.1767     41.5054    0.232426
           3     41.6737     41.5615    0.161577
           4     42.3419     41.7566    0.207923
           5     42.8336      41.972    0.254527
           6     44.3435     42.3673    0.418539
           7     39.4968     41.9572    0.522331
           8     44.7531     42.3067    0.561925
           9     42.0084     42.2735    0.500465
          10     43.2574     42.3719    0.459987
          11     43.8767     42.5087    0.438041
          12     44.5899     42.6822    0.434516
          13     40.8319     42.5398    0.423761
          14     43.6006     42.6156    0.400209
          15     40.4997     42.4745    0.397612
          16      45.341     42.6537    0.411146
          17     42.5509     42.6476    0.387005
          18     42.2827     42.6274    0.366035
          19     43.9604     42.6975    0.353431
          20      42.785     42.7019    0.335786
          21     42.6804     42.7009    0.319798
          22     42.2755     42.6815    0.305846
          23      44.027       42.74     0.29809
          24     40.9807     42.6667    0.294545
          25     41.0563     42.6023    0.289722
          26     41.8912      42.575    0.279867
          27     41.7769     42.5454    0.271058
          28     42.9114     42.5585    0.261692
          29     40.6505     42.4927    0.260808
          30     43.2777     42.5189    0.253424
          31     40.2877     42.4469    0.255265
          32     40.9729     42.4008    0.251409
          33     43.0226     42.4197    0.244496
          34     42.3138     42.4165    0.237325
          35     44.2529      42.469    0.236272
          36     40.1073     42.4034    0.238643
          37     44.6808      42.465        0.24
          38     41.5045     42.4397    0.235011
          39     41.5601     42.4171    0.230065
          40     40.9811     42.3812    0.227097
          41     44.9371     42.4436    0.229955
          42     41.2123     42.4143    0.226341
          43      40.416     42.3678    0.225797
          44     40.2068     42.3187    0.225944
          45     42.7263     42.3277    0.221104
          46     42.9169     42.3405    0.216668
          47     44.1028      42.378    0.215278
          48      41.032       42.35    0.212612
          49     39.8453     42.2989    0.214329
          50     42.5162     42.3032    0.210087
