#     BLOCK:   ACTUAL_X:     X_AVE:       ERROR:
           1     2.30449     2.30449           0
           2     2.30166     2.30308 0.000997689
           3     2.33076      2.3123  0.00756437
           4     2.27386     2.30269   0.0100735
           5     2.31005     2.30416  0.00816572
           6     2.28654     2.30123  0.00731412
           7     2.23481     2.29174   0.0107918
           8     2.25585     2.28725   0.0103332
           9     2.26618     2.28491  0.00944664
          10     2.29468     2.28589  0.00855231
          11     2.30942     2.28803  0.00803795
          12     2.19787     2.28051   0.0102972
          13     2.28914     2.28118   0.0095265
          14     2.26968     2.28036  0.00888134
          15     2.28252      2.2805  0.00829042
          16     2.27743     2.28031  0.00777449
          17     2.29256     2.28103  0.00735049
          18     2.26507     2.28014   0.0069954
          19     2.27272     2.27975  0.00663811
          20     2.27004     2.27927  0.00632396
          21      2.3364     2.28199  0.00658215
          22     2.31129     2.28332  0.00641631
          23     2.26223      2.2824  0.00620251
          24      2.2757     2.28212  0.00595035
          25      2.2931     2.28256   0.0057285
          26     2.23598     2.28077  0.00578153
          27     2.25757     2.27991   0.0056309
          28     2.26122     2.27924  0.00546923
          29     2.27559     2.27912  0.00528209
          30     2.28501     2.27931  0.00510967
          31     2.28241     2.27941  0.00494582
          32     2.25441     2.27863  0.00485261
          33     2.28507     2.27883  0.00470948
          34     2.26002     2.27827  0.00460334
          35     2.34989     2.28032  0.00490552
          36     2.25644     2.27966  0.00481391
          37     2.25822     2.27908  0.00471853
          38     2.26267     2.27865  0.00461408
          39     2.27985     2.27868  0.00449587
          40     2.27448     2.27857   0.0043847
          41      2.2559     2.27802   0.0043125
          42     2.24981     2.27735  0.00426181
          43     2.28773     2.27759  0.00416953
          44     2.25669     2.27711  0.00410173
          45     2.28077     2.27719  0.00401139
          46     2.24753     2.27655   0.0039757
          47     2.26655     2.27634   0.0038968
          48      2.3166     2.27718  0.00390484
          49     2.24196     2.27646  0.00389075
          50     2.29238     2.27678  0.00382594
