#     BLOCK:   ACTUAL_X:     X_AVE:       ERROR:
           1     1.35112     1.35112           0
           2     1.38705     1.36908   0.0127022
           3     1.38158     1.37325  0.00912584
           4     1.38765     1.37685  0.00752098
           5     1.36514     1.37451  0.00637111
           6     1.35929     1.37197  0.00579217
           7     1.36941      1.3716  0.00497628
           8     1.36939     1.37133  0.00436196
           9     1.33586     1.36739  0.00536988
          10     1.36054      1.3667  0.00487637
          11     1.37869     1.36779  0.00455316
          12      1.3472     1.36607  0.00448535
          13      1.3537     1.36512  0.00424019
          14     1.36515     1.36512  0.00393732
          15     1.35603     1.36452  0.00372122
          16     1.36057     1.36427   0.0034968
          17     1.33784     1.36272  0.00362024
          18     1.35084     1.36206  0.00347873
          19     1.36608     1.36227  0.00330206
          20     1.36865     1.36259  0.00315232
          21     1.36957     1.36292   0.0030197
          22     1.35901     1.36274  0.00288768
          23     1.35627     1.36246  0.00277579
          24     1.35919     1.36232  0.00266348
          25     1.37353     1.36277   0.0025944
          26      1.3555     1.36249  0.00250966
          27     1.34947     1.36201  0.00246261
          28     1.35961     1.36192  0.00237615
          29     1.36953     1.36219  0.00230863
          30      1.3554     1.36196  0.00224274
          31     1.35249     1.36166  0.00219109
          32     1.35607     1.36148  0.00212955
          33      1.3659     1.36161  0.00206923
          34     1.35311     1.36136  0.00202343
          35     1.36416     1.36144  0.00196719
          36     1.35331     1.36122  0.00192548
          37     1.33768     1.36058  0.00197573
          38     1.35515     1.36044  0.00192891
          39     1.36317     1.36051  0.00188072
          40     1.34118     1.36003  0.00189476
          41     1.35474      1.3599  0.00185292
          42     1.35344     1.35974  0.00181518
          43     1.34365     1.35937  0.00181113
          44     1.37642     1.35976  0.00181094
          45     1.36107     1.35979  0.00177094
          46     1.36777     1.35996  0.00174092
          47     1.35553     1.35987  0.00170642
          48     1.33894     1.35943  0.00172565
          49     1.35995     1.35944  0.00169047
          50     1.39186     1.36009  0.00177667
