#     BLOCK:   ACTUAL_X:     X_AVE:       ERROR:
           1     22.7904     22.7904           0
           2     23.1963     22.9934    0.143509
           3     23.7519     23.2462    0.227547
           4     22.5427     23.0703    0.228756
           5      22.028     22.8619    0.261265
           6     22.8717     22.8635    0.217726
           7     23.4443     22.9465    0.201811
           8     22.3748      22.875    0.188812
           9     22.8593     22.8733    0.167841
          10      22.877     22.8736    0.151057
          11     21.9521     22.7899    0.158867
          12     23.1683     22.8214    0.148725
          13     22.8636     22.8247     0.13732
          14     22.4997     22.8014    0.129458
          15     21.6793     22.7266    0.140792
          16     20.5169     22.5885    0.187892
          17     22.5597     22.5868    0.176847
          18     23.2647     22.6245    0.170985
          19     23.8965     22.6914    0.174601
          20     23.3559     22.7247    0.169001
          21       22.69      22.723    0.160962
          22     23.1992     22.7446    0.155094
          23     23.2845     22.7681    0.150116
          24      23.482     22.7979    0.146779
          25     23.8583     22.8403    0.146909
          26     22.1368     22.8132    0.143728
          27     23.5813     22.8417    0.141192
          28     23.0748       22.85    0.136395
          29     22.3502     22.8328    0.132777
          30      21.577     22.7909    0.134788
          31     22.5925     22.7845    0.130591
          32     23.6704     22.8122    0.129412
          33     22.9448     22.8162    0.125553
          34     22.4792     22.8063    0.122251
          35     22.9489     22.8104    0.118826
          36     22.7385     22.8084    0.115542
          37     23.4252      22.825    0.113615
          38     23.1306     22.8331     0.11091
          39     23.4492     22.8489    0.109185
          40     22.1303     22.8309    0.107923
          41     24.0286     22.8601    0.109173
          42     22.5375     22.8525    0.106844
          43     22.5316      22.845    0.104619
          44     22.4362     22.8357    0.102653
          45     21.3837     22.8034    0.105321
          46     23.9067     22.8274    0.105727
          47     22.8119     22.8271    0.103478
          48      22.641     22.8232    0.101395
          49     22.5943     22.8185   0.0994333
          50     22.7111     22.8164   0.0974679
