#     BLOCK:   ACTUAL_X:     X_AVE:       ERROR:
           1     1.70334     1.70334           0
           2     1.70109     1.70221  0.00079687
           3     1.69795     1.70079  0.00127573
           4     1.69798     1.70009  0.00113469
           5     1.71347     1.70277  0.00255935
           6     1.74852     1.71039  0.00728033
           7     1.72813     1.71292  0.00666673
           8      1.7127      1.7129  0.00583345
           9     1.73467     1.71532  0.00566467
          10     1.70496     1.71428  0.00519205
          11     1.71988     1.71479  0.00474492
          12      1.7083     1.71425  0.00438024
          13     1.70238     1.71333  0.00413733
          14     1.70573     1.71279  0.00387727
          15     1.70546      1.7123  0.00364949
          16     1.70522     1.71186  0.00344816
          17     1.71146     1.71184   0.0032454
          18     1.73234     1.71298  0.00325895
          19     1.70543     1.71258  0.00311153
          20       1.683      1.7111  0.00328876
          21     1.71313      1.7112  0.00313358
          22      1.7165     1.71144  0.00300041
          23     1.72638     1.71209  0.00293943
          24     1.72727     1.71272  0.00288422
          25     1.72443     1.71319  0.00280662
          26      1.7382     1.71415  0.00285874
          27     1.72022     1.71437  0.00276168
          28     1.73706     1.71518  0.00277936
          29     1.76193      1.7168  0.00311605
          30     1.69061     1.71592  0.00313203
          31     1.73223     1.71645  0.00307488
          32     1.69771     1.71586  0.00303401
          33     1.72427     1.71612  0.00295276
          34     1.74669     1.71702  0.00299969
          35     1.72862     1.71735  0.00293223
          36      1.7132     1.71723  0.00285305
          37      1.7033     1.71686   0.0028007
          38     1.71392     1.71678  0.00272806
          39     1.72721     1.71705   0.0026712
          40     1.69943     1.71661  0.00264046
          41     1.72336     1.71677  0.00258119
          42     1.71236     1.71667  0.00252188
          43     1.70268     1.71634  0.00248412
          44     1.72439     1.71652  0.00243439
          45      1.6841      1.7158  0.00248466
          46     1.71465     1.71578  0.00243078
          47     1.70721      1.7156  0.00238588
          48     1.69874     1.71525  0.00236189
          49     1.72585     1.71546  0.00232358
          50     1.72952     1.71574  0.00229406
