#     BLOCK:   ACTUAL_X:     X_AVE:       ERROR:
           1     1.95601     1.95601           0
           2     1.99207     1.97404   0.0127492
           3     1.94048     1.96285    0.012478
           4      1.9589     1.96187  0.00939757
           5     1.96687     1.96287  0.00757126
           6     1.92893     1.95721  0.00815307
           7     1.95165     1.95642  0.00702688
           8     1.92031      1.9519  0.00745868
           9     1.96656     1.95353  0.00680542
          10     1.93676     1.95185  0.00632823
          11     2.00145     1.95636   0.0071816
          12     1.92439      1.9537   0.0070602
          13     1.97649     1.95545  0.00673124
          14      1.9415     1.95445  0.00632377
          15     1.96769     1.95534  0.00596346
          16     1.97944     1.95684  0.00577787
          17     1.93128     1.95534  0.00563022
          18     2.00662     1.95819  0.00599492
          19     1.98048     1.95936  0.00579305
          20     1.96841     1.95981  0.00552104
          21     1.96442     1.96003  0.00526249
          22     1.97436     1.96068   0.0050634
          23     1.91569     1.95873  0.00520744
          24     1.95537     1.95859  0.00499235
          25     1.95452     1.95843  0.00479531
          26     1.95646     1.95835  0.00461147
          27     1.97544     1.95898  0.00448389
          28     1.92357     1.95772  0.00449856
          29     1.92152     1.95647  0.00451332
          30     1.97125     1.95696  0.00438968
          31     1.95693     1.95696  0.00424807
          32     1.96878     1.95733  0.00413135
          33     1.97259     1.95779  0.00403196
          34     1.98481     1.95859   0.0039909
          35     1.97075     1.95894  0.00389196
          36     1.98465     1.95965  0.00384883
          37     2.00583      1.9609  0.00394197
          38     1.92318     1.95991  0.00396126
          39      1.9648     1.96003  0.00386167
          40     1.95132     1.95981  0.00377126
          41     1.96074     1.95984  0.00367934
          42     1.98693     1.96048  0.00364784
          43     1.99141      1.9612  0.00363325
          44     1.96988      1.9614  0.00355602
          45     1.95975     1.96136  0.00347719
          46     1.96873     1.96152  0.00340529
          47     1.96041      1.9615  0.00333292
          48     1.95529     1.96137  0.00326599
          49     1.94414     1.96102  0.00321822
          50      1.9685     1.96117  0.00315733
