#     BLOCK:   ACTUAL_X:     X_AVE:       ERROR:
           1     3.16416     3.16416           0
           2     3.16827     3.16621    0.001452
           3     3.19995     3.17746  0.00923422
           4     3.12588     3.16457   0.0131398
           5       3.265     3.18465   0.0208154
           6     3.20665     3.18832    0.017666
           7     3.19773     3.18966   0.0151933
           8     3.19337     3.19013   0.0133012
           9     3.30786     3.20321   0.0170848
          10      3.1905     3.20194   0.0154235
          11      3.2338     3.20483   0.0142909
          12     3.13221     3.19878   0.0143241
          13     3.13481     3.19386   0.0140422
          14     3.22209     3.19588   0.0131832
          15      3.1834     3.19505   0.0123305
          16     3.29154     3.20108    0.012951
          17     3.24405      3.2036   0.0124335
          18     3.22132     3.20459   0.0117816
          19     3.17098     3.20282   0.0112935
          20     3.20335     3.20285   0.0107289
          21     3.18275     3.20189   0.0102606
          22     3.21407     3.20244  0.00980913
          23     3.24863     3.20445  0.00958603
          24     3.27501     3.20739  0.00962691
          25     3.23315     3.20842  0.00929679
          26     3.17148       3.207  0.00904714
          27     3.24753      3.2085  0.00883573
          28     3.15969     3.20676  0.00869045
          29     3.21539     3.20706  0.00839588
          30     3.25217     3.20856  0.00824957
          31     3.20799     3.20854  0.00798347
          32     3.21184     3.20864  0.00773465
          33     3.23635     3.20948   0.0075457
          34     3.25704     3.21088  0.00745228
          35     3.21581     3.21102  0.00724069
          36     3.19176     3.21049  0.00705931
          37     3.22096     3.21077  0.00687419
          38     3.16417     3.20955   0.0068018
          39     3.22815     3.21002  0.00664411
          40     3.20062     3.20979  0.00648216
          41     3.27296     3.21133  0.00650461
          42     3.20425     3.21116  0.00635191
          43     3.23645     3.21175  0.00623137
          44     3.18741     3.21119  0.00611424
          45     3.20463     3.21105  0.00598011
          46     3.22791     3.21142  0.00586134
          47     3.20704     3.21132  0.00573737
          48     3.16254     3.21031  0.00570714
          49     3.21576     3.21042  0.00559175
          50     3.18369     3.20988   0.0055054
