#     BLOCK:   ACTUAL_X:     X_AVE:       ERROR:
           1     1.50406     1.50406           0
           2     1.53365     1.51885   0.0104613
           3     1.48654     1.50808   0.0112239
           4     1.51736      1.5104  0.00865437
           5     1.52103     1.51253  0.00717992
           6     1.51394     1.51276  0.00598713
           7     1.52265     1.51418  0.00529585
           8     1.51002     1.51366  0.00465931
           9      1.5063     1.51284  0.00421267
          10     1.51305     1.51286  0.00379145
          11     1.51577     1.51313  0.00345599
          12     1.54261     1.51558  0.00394601
          13     1.51309     1.51539  0.00364712
          14     1.47255     1.51233  0.00449064
          15     1.52389      1.5131  0.00425685
          16     1.51097     1.51297  0.00399288
          17     1.50925     1.51275  0.00376401
          18     1.51169     1.51269  0.00355535
          19     1.50808     1.51245   0.0033765
          20     1.50445     1.51205   0.0032313
          21     1.53742     1.51326  0.00329553
          22     1.49255     1.51232  0.00327735
          23     1.51273     1.51233  0.00313491
          24     1.54113     1.51353  0.00322575
          25     1.52377     1.51394  0.00312261
          26     1.52902     1.51452  0.00305586
          27     1.50097     1.51402  0.00298363
          28     1.54673     1.51519  0.00309727
          29     1.52128      1.5154  0.00299759
          30     1.51445     1.51537  0.00289784
          31     1.51967     1.51551  0.00280768
          32     1.50571      1.5152  0.00273657
          33     1.51556     1.51521  0.00265366
          34     1.53081     1.51567  0.00261498
          35     1.49596     1.51511  0.00260017
          36     1.50638     1.51486  0.00253922
          37     1.51824     1.51496  0.00247223
          38     1.54541     1.51576  0.00253376
          39     1.52976     1.51612   0.0024941
          40     1.51499     1.51609  0.00243191
          41     1.50609     1.51584  0.00238479
          42     1.50758     1.51565   0.0023361
          43     1.52099     1.51577  0.00228507
          44     1.50056     1.51543  0.00225914
          45     1.52365     1.51561  0.00221631
          46     1.52462      1.5158  0.00217677
          47     1.52961      1.5161  0.00215019
          48     1.52811     1.51635  0.00211989
          49     1.54333      1.5169  0.00214693
          50     1.52415     1.51704  0.00210889
