#     BLOCK:   ACTUAL_X:     X_AVE:       ERROR:
           1     78.0908     78.0908           0
           2     78.8315     78.4612    0.261886
           3     81.9576     79.6266    0.967502
           4     77.6435     79.1308    0.843145
           5     79.8838     79.2814    0.687833
           6     78.8008     79.2013     0.57784
           7     79.9816     79.3128    0.505928
           8     83.8815     79.8839    0.693789
           9     77.2428     79.5904    0.675921
          10     80.4246     79.6738    0.613455
          11      79.865     79.6912    0.557932
          12      81.401     79.8337    0.529318
          13     80.3897     79.8765    0.490326
          14      80.113     79.8934    0.455594
          15     75.2044     79.5808    0.521553
          16      83.607     79.8324    0.546299
          17     83.1951     80.0302    0.548808
          18     82.4334     80.1637    0.534312
          19     80.0958     80.1602    0.506202
          20     80.1082     80.1576    0.480898
          21     79.3294     80.1181    0.459613
          22     79.8857     80.1076    0.438843
          23     80.3095     80.1163     0.41985
          24     76.2163     79.9538    0.432662
          25      76.426     79.8127    0.437764
          26     79.5611      79.803    0.421034
          27       81.61       79.87    0.410724
          28      76.255     79.7409    0.415852
          29     78.8623     79.7106    0.402614
          30     77.2716     79.6293    0.397318
          31     78.0194     79.5773     0.38788
          32     80.4282     79.6039    0.376669
          33     74.6586     79.4541    0.393939
          34     80.0324     79.4711     0.38272
          35     79.9628     79.4851    0.372043
          36     79.9613     79.4983    0.361943
          37     76.7347     79.4237    0.359785
          38     79.1362     79.4161    0.350397
          39     77.5867     79.3692    0.344538
          40     82.1366     79.4384      0.3428
          41     79.7664     79.4464    0.334533
          42     81.0284      79.484    0.328681
          43     78.2457     79.4552    0.322297
          44     80.2846     79.4741    0.315523
          45     79.3901     79.4722    0.308516
          46     79.8352     79.4801     0.30191
          47      80.788     79.5079    0.296766
          48     76.7274       79.45    0.296184
          49     77.9416     79.4192    0.291734
          50     80.7563      79.446    0.287123
