#     BLOCK:   ACTUAL_X:     X_AVE:       ERROR:
           1     2.71692     2.71692           0
           2     2.66399     2.69045    0.018715
           3     2.68153     2.68748   0.0127108
           4     2.68778     2.68755  0.00953329
           5     2.64089     2.67822   0.0113069
           6     2.66528     2.67606  0.00962596
           7     2.68718     2.67765  0.00838067
           8      2.6991     2.68033  0.00774987
           9     2.59035     2.67033   0.0116751
          10     2.71226     2.67453   0.0112352
          11     2.73178     2.67973   0.0113558
          12     2.64258     2.67664   0.0108233
          13     2.68109     2.67698  0.00999616
          14     2.59995     2.67148   0.0106896
          15      2.6673      2.6712  0.00998057
          16     2.69859     2.67291  0.00950245
          17     2.68727     2.67376  0.00898094
          18     2.64276     2.67203  0.00864553
          19      2.6342     2.67004  0.00841673
          20     2.66424     2.66975  0.00800088
          21     2.63039     2.66788  0.00783636
          22     2.65326     2.66721   0.0075083
          23     2.67481     2.66754  0.00718911
          24     2.73552     2.67038  0.00742665
          25     2.65058     2.66958  0.00717165
          26     2.71516     2.67134  0.00710681
          27     2.70543      2.6726  0.00695485
          28     2.69244     2.67331  0.00674245
          29     2.71079      2.6746  0.00663268
          30     2.70372     2.67557  0.00648224
          31     2.69307     2.67614  0.00629768
          32      2.6965     2.67677  0.00613294
          33     2.67029     2.67658  0.00595024
          34     2.69595     2.67715  0.00580246
          35     2.66443     2.67678  0.00564803
          36     2.71505     2.67785  0.00559026
          37     2.72147     2.67902  0.00556213
          38        2.71     2.67984  0.00547517
          39     2.72601     2.68102  0.00546126
          40     2.69995      2.6815  0.00534519
          41     2.64798     2.68068  0.00527696
          42     2.70269      2.6812  0.00517726
          43     2.63872     2.68022  0.00515025
          44     2.69906     2.68064  0.00505097
          45     2.69104     2.68087  0.00494401
          46     2.68311     2.68092  0.00483677
          47     2.64941     2.68025  0.00478009
          48     2.73355     2.68136  0.00480775
          49     2.67189     2.68117  0.00471352
          50     2.67211     2.68099  0.00462273
