#     BLOCK:   ACTUAL_X:     X_AVE:       ERROR:
           1     3.97123     3.97123           0
           2      3.9618     3.96651  0.00333347
           3      4.0097     3.98091   0.0119638
           4     4.05448      3.9993   0.0182814
           5     3.95594     3.99063   0.0165546
           6     3.97902     3.98869   0.0139082
           7     3.85967     3.97026   0.0208169
           8     3.98421       3.972   0.0182876
           9      3.9339     3.96777   0.0167385
          10      3.9888     3.96987   0.0151962
          11     3.94654     3.96775    0.013962
          12     3.96945     3.96789   0.0127992
          13      3.9331     3.96522   0.0120913
          14     4.00262     3.96789   0.0115191
          15     3.91873     3.96461   0.0112076
          16     3.99407     3.96645   0.0106573
          17     4.07935     3.97309   0.0119213
          18     4.05145     3.97745   0.0120274
          19     3.94469     3.97572   0.0115173
          20     3.88303     3.97109   0.0118373
          21     4.02057     3.97344   0.0115057
          22     3.99854     3.97459   0.0110392
          23     3.95426      3.9737   0.0105945
          24     3.96014     3.97314   0.0101681
          25      4.0174     3.97491  0.00991438
          26     3.93763     3.97347  0.00963617
          27     3.93027     3.97187  0.00941117
          28     4.03021     3.97396  0.00930284
          29     4.00352     3.97498  0.00903774
          30     3.94677     3.97404  0.00878527
          31     3.95195     3.97332  0.00853071
          32       3.914     3.97147  0.00846319
          33     3.91122     3.96964  0.00840136
          34     3.94941     3.96905  0.00817532
          35     3.90897     3.96733  0.00811993
          36      3.8494     3.96406  0.00852964
          37     3.97276     3.96429  0.00830235
          38     3.99562     3.96512  0.00812469
          39     4.03628     3.96694  0.00811871
          40     3.98437     3.96738  0.00792743
          41     3.84292     3.96434  0.00829491
          42     3.97187     3.96452  0.00809935
          43      3.9528     3.96425  0.00791558
          44     3.98149     3.96464  0.00774538
          45     3.91558     3.96355   0.0076496
          46     4.03892     3.96519  0.00765676
          47     3.86574     3.96307  0.00778071
          48     3.99343     3.96371  0.00764426
          49     3.98807      3.9642  0.00750441
          50     3.89009     3.96272  0.00749928
