#     BLOCK:   ACTUAL_X:     X_AVE:       ERROR:
           1     5.01928     5.01928           0
           2     4.84764     4.93346   0.0606854
           3     5.13015     4.99902   0.0670995
           4      5.1221     5.02979   0.0569444
           5     5.15689     5.05521   0.0509137
           6     4.96995       5.041   0.0443669
           7     5.05697     5.04328   0.0380874
           8     5.02766     5.04133   0.0333765
           9     4.97573     5.03404   0.0304535
          10      5.1651     5.04715   0.0300965
          11     5.20479     5.06148   0.0305829
          12     5.01484     5.05759   0.0282802
          13     4.88099     5.04401   0.0291859
          14     5.06105     5.04523   0.0271265
          15     5.06867     5.04679   0.0253631
          16     5.14551     5.05296   0.0245169
          17     5.11786     5.05678   0.0233701
          18     5.00209     5.05374   0.0222683
          19      4.9379     5.04764   0.0219151
          20     5.05482       5.048   0.0208223
          21      4.9977      5.0456    0.019968
          22     5.07055     5.04674   0.0190925
          23     4.99968     5.04469   0.0183717
          24     5.10188     5.04708   0.0177601
          25     5.03276      5.0465   0.0170589
          26     5.10225     5.04865    0.016537
          27     5.00075     5.04687   0.0160194
          28     4.97524     5.04431   0.0156502
          29     5.03461     5.04398   0.0151141
          30     5.11868     5.04647    0.014814
          31     4.98133     5.04437   0.0144844
          32     4.98467      5.0425   0.0141514
          33     4.97104     5.04034   0.0138873
          34     5.14313     5.04336    0.013804
          35     4.93166     5.04017   0.0137736
          36      4.9483     5.03762   0.0136254
          37     4.88998     5.03363    0.013829
          38     5.10467      5.0355   0.0135909
          39     5.07717     5.03657   0.0132844
          40     5.01468     5.03602   0.0129635
          41     5.01228     5.03544   0.0126602
          42     5.07778     5.03645   0.0123989
          43     5.03884      5.0365   0.0121106
          44      5.0019     5.03572   0.0118609
          45     4.90213     5.03275   0.0119631
          46     5.03477     5.03279   0.0117031
          47     5.07259     5.03364   0.0114847
          48     5.14897     5.03604    0.011494
          49     5.13061     5.03797   0.0114203
          50     4.85478     5.03431   0.0117649
