#     BLOCK:   ACTUAL_X:     X_AVE:       ERROR:
           1     6.67979     6.67979           0
           2      6.7222       6.701   0.0149945
           3     6.54422     6.64874   0.0438249
           4     6.46326     6.60237   0.0518929
           5     6.64089     6.61007   0.0420822
           6      6.5794     6.60496   0.0353777
           7      6.5114     6.59159   0.0327515
           8     6.66973     6.60136   0.0300788
           9     6.44475     6.58396   0.0313692
          10     6.65351     6.59091    0.028993
          11     6.69125     6.60004    0.027755
          12     6.76129     6.61347   0.0285103
          13     6.47791     6.60305   0.0281597
          14     6.76318     6.61448   0.0283762
          15     6.63392     6.61578   0.0265141
          16     6.52115     6.60987    0.025508
          17     6.55324     6.60653    0.024224
          18     6.76446     6.61531   0.0244155
          19     6.77892     6.62392   0.0246021
          20     6.47875     6.61666   0.0244193
          21     6.60647     6.61618   0.0232613
          22     6.67612      6.6189   0.0223629
          23     6.88398     6.63043   0.0241789
          24     6.53072     6.62627   0.0235256
          25      6.8078     6.63353   0.0236787
          26     6.71352     6.63661    0.022967
          27     6.64529     6.63693   0.0221186
          28     6.77129     6.64173    0.021843
          29     6.54471     6.63838   0.0213444
          30        6.56     6.63577   0.0207922
          31     6.47817     6.63069   0.0207337
          32     6.62128     6.63039   0.0200879
          33     6.68031     6.63191    0.019536
          34     6.83403     6.63785   0.0198453
          35     6.61502      6.6372   0.0192891
          36     6.62539     6.63687    0.018756
          37     6.82496     6.64195   0.0189255
          38      6.6513      6.6422    0.018429
          39     6.57893     6.64058   0.0180278
          40     6.60657     6.63973   0.0175971
          41     6.84118     6.64464   0.0178407
          42     6.62778     6.64424   0.0174204
          43     6.72704     6.64616   0.0171214
          44     6.42359     6.64111   0.0174636
          45     6.55886     6.63928   0.0171709
          46     6.71377      6.6409   0.0168738
          47     6.72081      6.6426   0.0166002
          48     6.54393     6.64054   0.0163812
          49     6.52937     6.63827   0.0162032
          50     6.59442      6.6374   0.0159029
