#     BLOCK:   ACTUAL_X:     X_AVE:       ERROR:
           1     9.44522     9.44522           0
           2     9.03846     9.24184    0.143809
           3     9.17704     9.22024   0.0974809
           4     9.03483     9.17389   0.0834057
           5     9.06669     9.15245   0.0694254
           6     9.23607     9.16639   0.0592369
           7     9.10674     9.15787   0.0513836
           8     9.62494     9.21625   0.0707391
           9     9.50049     9.24783   0.0695732
          10     9.50953       9.274    0.067358
          11     9.30531     9.27685   0.0612947
          12      9.6606     9.30883   0.0639875
          13     9.19249     9.29988   0.0596879
          14     9.35752       9.304   0.0555663
          15     9.19068     9.29644   0.0523729
          16     9.44894     9.30597   0.0499594
          17     9.36326     9.30934   0.0471341
          18     9.68018     9.32994    0.048811
          19     9.60258     9.34429   0.0483052
          20     9.32681     9.34342   0.0458978
          21     9.25803     9.33935    0.043892
          22     9.37173     9.34083   0.0419215
          23     8.93843     9.32333   0.0435971
          24     9.50997     9.33111   0.0424684
          25     8.84747     9.31176   0.0449605
          26     9.66967     9.32553   0.0452897
          27     9.24967     9.32272   0.0436993
          28     9.57585     9.33176   0.0430636
          29     9.60212     9.34108   0.0425759
          30     9.23245     9.33746   0.0413104
          31     9.29163     9.33598   0.0400043
          32     9.25882     9.33357   0.0388267
          33     9.20805     9.32977    0.037836
          34     9.24697     9.32733   0.0368015
          35     8.84943     9.31368   0.0381991
          36     9.12202     9.30835   0.0375072
          37      9.4419     9.31196   0.0366668
          38     9.39705      9.3142   0.0357702
          39     9.24087     9.31232   0.0349024
          40     9.32224     9.31257   0.0340307
          41     9.24699     9.31097   0.0332382
          42     9.75532     9.32155   0.0340891
          43     9.15312     9.31763   0.0335206
          44     9.40606     9.31964    0.032819
          45     9.37704     9.32092   0.0321144
          46     9.23243     9.31899   0.0314739
          47     9.32191     9.31906   0.0308043
          48     9.56565     9.32419   0.0305879
          49     9.04776     9.31855   0.0304795
          50     8.83213     9.30882   0.0313841
