#     BLOCK:   ACTUAL_X:     X_AVE:       ERROR:
           1     13.7726     13.7726           0
           2     14.1137     13.9431    0.120598
           3     14.2408     14.0424    0.114139
           4     13.9124     14.0099    0.090112
           5     13.8317     13.9742   0.0788218
           6     13.2055     13.8461    0.134143
           7     13.5367     13.8019    0.122045
           8     13.8322     13.8057    0.106848
           9     13.9018     13.8164    0.095509
          10     14.1018     13.8449   0.0901229
          11     13.9487     13.8543   0.0824221
          12      13.813     13.8509   0.0756255
          13     13.8531     13.8511   0.0698083
          14     14.1341     13.8713   0.0676852
          15     13.9224     13.8747   0.0632587
          16     13.7161     13.8648   0.0600769
          17     13.3551     13.8348   0.0635856
          18       13.49     13.8156   0.0628715
          19     13.2192     13.7843    0.066943
          20     14.0502     13.7975   0.0649026
          21     13.2874     13.7733   0.0662033
          22     13.9979     13.7835   0.0639767
          23      13.674     13.7787    0.061372
          24     14.2854     13.7998   0.0623411
          25     13.5792      13.791   0.0604686
          26     13.6117     13.7841   0.0585346
          27     13.7393     13.7824   0.0563902
          28     13.6404     13.7774    0.054604
          29     13.4052     13.7645   0.0542086
          30     13.6755     13.7616   0.0524828
          31     14.1401     13.7738   0.0521906
          32     14.8046      13.806   0.0596782
          33     14.4457     13.8254   0.0609373
          34     13.6001     13.8187   0.0595043
          35     13.6836     13.8149   0.0579293
          36     13.2095     13.7981   0.0587101
          37     13.3273     13.7853   0.0584857
          38     13.8754     13.7877   0.0569946
          39     14.0628     13.7948   0.0559678
          40     13.2087     13.7801   0.0564538
          41     14.2453     13.7915   0.0562052
          42     14.4303     13.8067   0.0568879
          43     14.0048     13.8113   0.0557512
          44     14.4958     13.8268   0.0566134
          45     13.8158     13.8266   0.0553559
          46     13.5198     13.8199   0.0545529
          47     14.2287     13.8286    0.054081
          48     14.2011     13.8364    0.053508
          49     13.3794     13.8271   0.0532226
          50     13.5969     13.8225   0.0523569
