#     BLOCK:   ACTUAL_TE:    TE_AVE:      ERROR:
           1   -0.930988   -0.930988           0
           2    -0.93124   -0.931114 8.90955e-05
           3   -0.930314   -0.930847 0.000225584
           4   -0.932856    -0.93135 0.000466613
           5   -0.933574   -0.931794 0.000545549
           6   -0.933606   -0.932096 0.000531619
           7   -0.929087   -0.931666 0.000605001
           8   -0.934378   -0.932005 0.000617086
           9   -0.931016   -0.931895 0.000558227
          10   -0.932852   -0.931991 0.000510534
          11   -0.933909   -0.932165 0.000492989
          12   -0.935812   -0.932469 0.000537463
          13   -0.930975   -0.932354  0.00050826
          14   -0.934576   -0.932513  0.00049611
          15   -0.930046   -0.932349 0.000489532
          16   -0.935671   -0.932556 0.000501049
          17   -0.933519   -0.932613 0.000474766
          18    -0.93189   -0.932573 0.000450084
          19   -0.935046   -0.932703 0.000444815
          20   -0.932589   -0.932697  0.00042261
          21   -0.931634   -0.932647 0.000405505
          22   -0.930898   -0.932567 0.000394783
          23   -0.934542   -0.932653 0.000386847
          24   -0.929189   -0.932509 0.000396744
          25   -0.930092   -0.932412 0.000392475
          26   -0.932006   -0.932396 0.000377691
          27   -0.931696    -0.93237 0.000364592
          28   -0.932574   -0.932378 0.000351643
          29   -0.930562   -0.932315 0.000345049
          30   -0.933005   -0.932338 0.000334312
          31   -0.929889   -0.932259 0.000332733
          32   -0.930942   -0.932218 0.000324872
          33   -0.933372   -0.932253 0.000316905
          34   -0.932772   -0.932268 0.000307951
          35   -0.935248   -0.932353 0.000310699
          36    -0.92958   -0.932276 0.000311472
          37   -0.934523   -0.932337 0.000308918
          38   -0.930517   -0.932289 0.000304479
          39   -0.930631   -0.932247 0.000299625
          40    -0.93014   -0.932194 0.000296726
          41   -0.934331   -0.932246 0.000294033
          42   -0.930968   -0.932216 0.000288602
          43   -0.930397   -0.932173 0.000284973
          44   -0.929661   -0.932116  0.00028416
          45   -0.932203   -0.932118 0.000277852
          46   -0.932942   -0.932136 0.000272389
          47   -0.934469   -0.932186 0.000271077
          48   -0.929541   -0.932131 0.000270972
          49    -0.92801   -0.932046 0.000278183
          50   -0.932022   -0.932046  0.00027262
