#     BLOCK:   ACTUAL_TE:    TE_AVE:      ERROR:
           1   -0.484421   -0.484421           0
           2   -0.484165   -0.484293 9.05097e-05
           3   -0.484087   -0.484224 8.22928e-05
           4   -0.484032   -0.484176 7.44453e-05
           5   -0.484855   -0.484312 0.000135278
           6    -0.48321   -0.484128 0.000202089
           7   -0.484268   -0.484148 0.000174203
           8   -0.484544   -0.484198 0.000159297
           9   -0.483796   -0.484153 0.000147718
          10   -0.483812   -0.484119 0.000136827
          11    -0.48428   -0.484134 0.000125169
          12   -0.484026   -0.484125 0.000115057
          13   -0.482963   -0.484035 0.000136558
          14   -0.482569   -0.483931 0.000162075
          15   -0.483367   -0.483893 0.000155561
          16   -0.484245   -0.483915 0.000147384
          17   -0.483672   -0.483901 0.000139406
          18   -0.483313   -0.483868 0.000135433
          19   -0.483328    -0.48384 0.000131254
          20   -0.484042    -0.48385 0.000125079
          21   -0.484735   -0.483892  0.00012603
          22   -0.483942   -0.483894 0.000120321
          23   -0.482418    -0.48383 0.000131086
          24   -0.485471   -0.483898 0.000142348
          25   -0.483834   -0.483896 0.000136678
          26   -0.483654   -0.483886 0.000131738
          27   -0.483488   -0.483872 0.000127683
          28   -0.483681   -0.483865 0.000123305
          29    -0.48352   -0.483853 0.000119625
          30   -0.484697   -0.483881 0.000118898
          31   -0.485164   -0.483923 0.000122052
          32    -0.48401   -0.483925 0.000118268
          33   -0.484415    -0.48394 0.000115613
          34   -0.484139   -0.483946 0.000112361
          35   -0.484134   -0.483951 0.000109278
          36   -0.483822   -0.483948 0.000106301
          37   -0.483229   -0.483928 0.000105189
          38   -0.483602    -0.48392  0.00010277
          39   -0.484633   -0.483938 0.000101748
          40    -0.48351   -0.483927 9.97646e-05
          41   -0.484428    -0.48394 9.80759e-05
          42   -0.483421   -0.483927 9.65152e-05
          43   -0.484172   -0.483933 9.44385e-05
          44   -0.484616   -0.483948 9.35597e-05
          45   -0.483587    -0.48394 9.18242e-05
          46   -0.484566   -0.483954  9.0831e-05
          47   -0.483726   -0.483949 8.90283e-05
          48    -0.48435   -0.483957 8.75637e-05
          49   -0.484623   -0.483971 8.68243e-05
          50   -0.484446   -0.483981 8.56068e-05
