#     BLOCK:   ACTUAL_TE:    TE_AVE:      ERROR:
           1   -0.462413   -0.462413           0
           2   -0.462603   -0.462508 6.73166e-05
           3   -0.462603    -0.46254 5.18203e-05
           4   -0.462317   -0.462484  6.1969e-05
           5   -0.462175   -0.462422 7.42236e-05
           6   -0.461583   -0.462282 0.000141851
           7   -0.462474    -0.46231 0.000124189
           8   -0.462824   -0.462374 0.000124194
           9   -0.462038   -0.462337 0.000115858
          10   -0.461982   -0.462301 0.000109579
          11   -0.462818   -0.462348  0.00010924
          12   -0.460893   -0.462227 0.000153335
          13   -0.461352    -0.46216 0.000155611
          14    -0.46149   -0.462112  0.00015166
          15   -0.461356   -0.462061 0.000149686
          16   -0.462332   -0.462078 0.000141283
          17   -0.462346   -0.462094 0.000133844
          18   -0.461464   -0.462059 0.000130905
          19   -0.462272    -0.46207 0.000124494
          20   -0.461814   -0.462057 0.000118929
          21   -0.462014   -0.462055 0.000113284
          22   -0.462138   -0.462059 0.000108197
          23   -0.460553   -0.461994 0.000121712
          24   -0.463316   -0.462049 0.000128508
          25   -0.461997   -0.462047 0.000123384
          26   -0.462251   -0.462055 0.000118889
          27   -0.461874   -0.462048 0.000114675
          28   -0.461818    -0.46204 0.000110871
          29   -0.462239   -0.462047 0.000107262
          30   -0.462418   -0.462059 0.000104397
          31    -0.46263   -0.462077 0.000102644
          32   -0.462518   -0.462091 0.000100358
          33    -0.46196   -0.462087 9.73951e-05
          34   -0.462582   -0.462102 9.56135e-05
          35   -0.461988   -0.462098 9.29369e-05
          36   -0.461387   -0.462079 9.24316e-05
          37   -0.461093   -0.462052 9.36956e-05
          38   -0.461869   -0.462047 9.13539e-05
          39   -0.462259   -0.462053  8.9173e-05
          40   -0.461856   -0.462048 8.70792e-05
          41   -0.462566    -0.46206 8.58663e-05
          42    -0.46135   -0.462043 8.54697e-05
          43   -0.461353   -0.462027  8.4978e-05
          44   -0.462534   -0.462039 8.38242e-05
          45   -0.462246   -0.462044 8.20871e-05
          46   -0.461679   -0.462036 8.06838e-05
          47   -0.462026   -0.462035 7.89674e-05
          48   -0.461836   -0.462031 7.74314e-05
          49   -0.462084   -0.462032 7.58587e-05
          50    -0.46292    -0.46205 7.63907e-05
