#     BLOCK:   ACTUAL_TE:    TE_AVE:      ERROR:
           1   -0.533979   -0.533979           0
           2   -0.534575   -0.534277 0.000210718
           3   -0.533819   -0.534125 0.000187809
           4   -0.533175   -0.533887 0.000249171
           5   -0.535173   -0.534144 0.000304341
           6   -0.532527   -0.533875  0.00035335
           7   -0.533253   -0.533786 0.000313845
           8   -0.533938   -0.533805 0.000275192
           9   -0.533414   -0.533762 0.000248014
          10   -0.534396   -0.533825 0.000231184
          11   -0.534688   -0.533903 0.000223081
          12   -0.533577   -0.533876 0.000206146
          13   -0.532818   -0.533795 0.000205746
          14   -0.533584    -0.53378   0.0001916
          15   -0.533374   -0.533753 0.000180723
          16   -0.533954   -0.533765 0.000169866
          17   -0.534261   -0.533794 0.000162355
          18   -0.534071    -0.53381 0.000154061
          19   -0.533674   -0.533803 0.000146118
          20   -0.534166   -0.533821 0.000139939
          21   -0.533571   -0.533809 0.000133779
          22   -0.534389   -0.533835 0.000130268
          23   -0.533705    -0.53383 0.000124728
          24   -0.534052   -0.533839 0.000119874
          25   -0.534418   -0.533862 0.000117293
          26   -0.534088   -0.533871 0.000113103
          27   -0.534021   -0.533876  0.00010905
          28    -0.53243   -0.533825 0.000116744
          29   -0.534014   -0.533831   0.0001129
          30   -0.533586   -0.533823 0.000109433
          31   -0.534303   -0.533839 0.000106994
          32   -0.534527    -0.53386 0.000105792
          33   -0.534306   -0.533874 0.000103445
          34   -0.534783     -0.5339 0.000103804
          35   -0.534235    -0.53391 0.000101278
          36   -0.533718   -0.533905 9.86047e-05
          37   -0.534541   -0.533922 9.74276e-05
          38   -0.533147   -0.533901 9.69724e-05
          39   -0.534451   -0.533915 9.55053e-05
          40   -0.533265   -0.533899 9.44928e-05
          41   -0.533949     -0.5339 9.21958e-05
          42   -0.533188   -0.533883 9.15477e-05
          43     -0.5345   -0.533898 9.05346e-05
          44   -0.533179   -0.533881  8.9938e-05
          45   -0.533314   -0.533869 8.88202e-05
          46   -0.533743   -0.533866 8.69313e-05
          47   -0.533631   -0.533861 8.52253e-05
          48   -0.533942   -0.533863 8.34666e-05
          49   -0.534053   -0.533867 8.18532e-05
          50    -0.53396   -0.533869 8.02374e-05
