#     BLOCK:   ACTUAL_TE:    TE_AVE:      ERROR:
           1   -0.973067   -0.973067           0
           2   -0.973588   -0.973328 0.000184131
           3   -0.976683   -0.974446 0.000921491
           4    -0.97273   -0.974017 0.000784623
           5   -0.975254   -0.974265 0.000665572
           6   -0.973478   -0.974134 0.000567397
           7   -0.975871   -0.974382 0.000537905
           8   -0.979215   -0.974986 0.000735474
           9   -0.972339   -0.974692 0.000710122
          10    -0.97493   -0.974716 0.000639508
          11   -0.975218   -0.974761 0.000583001
          12   -0.976142   -0.974876 0.000545646
          13   -0.975412   -0.974918 0.000505226
          14   -0.975442   -0.974955 0.000470527
          15   -0.970226    -0.97464 0.000534459
          16   -0.978378   -0.974873 0.000549746
          17   -0.978461   -0.975084 0.000556437
          18   -0.977354   -0.975211 0.000539625
          19   -0.974891   -0.975194 0.000511486
          20   -0.975053   -0.975187  0.00048596
          21    -0.97412   -0.975136 0.000465466
          22   -0.974517   -0.975108 0.000445158
          23   -0.975411   -0.975121 0.000425999
          24   -0.971179   -0.974957 0.000438769
          25    -0.97151   -0.974819 0.000442353
          26   -0.974667   -0.974813 0.000425378
          27   -0.976788   -0.974886 0.000415865
          28   -0.971796   -0.974776 0.000415398
          29   -0.974415   -0.974763  0.00040126
          30   -0.972639   -0.974693 0.000394082
          31   -0.972411   -0.974619 0.000388181
          32   -0.975412   -0.974644  0.00037684
          33   -0.970111   -0.974506 0.000389648
          34    -0.97528   -0.974529 0.000378851
          35   -0.975242    -0.97455 0.000368575
          36   -0.974922    -0.97456 0.000358482
          37   -0.971658   -0.974481 0.000357267
          38   -0.974122   -0.974472  0.00034799
          39   -0.972419   -0.974419 0.000343025
          40   -0.976915   -0.974482 0.000340077
          41   -0.974902   -0.974492 0.000331937
          42   -0.975828   -0.974524 0.000325554
          43   -0.973254   -0.974494 0.000319319
          44   -0.975689   -0.974521 0.000313214
          45   -0.974419   -0.974519 0.000306261
          46   -0.974934   -0.974528 0.000299737
          47   -0.976273   -0.974565 0.000295649
          48   -0.972186   -0.974516 0.000293614
          49   -0.973394   -0.974493 0.000288514
          50   -0.975377    -0.97451 0.000283284
