#     BLOCK:   ACTUAL_TE:    TE_AVE:      ERROR:
           1   -0.626802   -0.626802           0
           2   -0.628075   -0.627439 0.000450003
           3   -0.626673   -0.627183 0.000365328
           4   -0.626359   -0.626977 0.000326988
           5   -0.628634   -0.627309 0.000395336
           6    -0.62681   -0.627226 0.000338061
           7   -0.627604    -0.62728 0.000294054
           8   -0.627327   -0.627286 0.000257357
           9   -0.626274   -0.627173 0.000252137
          10   -0.627023   -0.627158 0.000227369
          11    -0.62846   -0.627277 0.000235491
          12   -0.625673   -0.627143 0.000250942
          13   -0.625722   -0.627034 0.000254344
          14   -0.626666   -0.627007 0.000237531
          15   -0.626171   -0.626952 0.000228142
          16   -0.627341   -0.626976 0.000215176
          17    -0.62711   -0.626984 0.000202663
          18   -0.627554   -0.627015 0.000193867
          19   -0.625908   -0.626957 0.000192226
          20   -0.628008    -0.62701  0.00018966
          21   -0.626818   -0.627001 0.000180847
          22    -0.62632    -0.62697 0.000175253
          23   -0.627099   -0.626975 0.000167724
          24   -0.627825   -0.627011 0.000164428
          25   -0.628356   -0.627065 0.000166423
          26    -0.62799     -0.6271 0.000163782
          27   -0.627478   -0.627114 0.000158314
          28   -0.626747   -0.627101 0.000153201
          29   -0.627439   -0.627113 0.000148361
          30   -0.627722   -0.627133 0.000144802
          31   -0.626875   -0.627125 0.000140369
          32   -0.627128   -0.627125 0.000135983
          33   -0.627853   -0.627147  0.00013364
          34   -0.628038   -0.627173 0.000132257
          35    -0.62813     -0.6272 0.000131271
          36   -0.626349   -0.627177 0.000129739
          37   -0.627165   -0.627176 0.000126233
          38   -0.626482   -0.627158 0.000124228
          39   -0.627364   -0.627163 0.000121155
          40   -0.626194   -0.627139 0.000120523
          41   -0.628411    -0.62717 0.000121511
          42   -0.627908   -0.627188 0.000119881
          43   -0.627832   -0.627203 0.000118026
          44    -0.62707     -0.6272 0.000115382
          45   -0.626204   -0.627178  0.00011492
          46   -0.626631   -0.627166 0.000113034
          47   -0.626985   -0.627162 0.000110694
          48   -0.626315   -0.627144 0.000109785
          49    -0.62756   -0.627153 0.000107872
          50   -0.626757   -0.627145 0.000106004
