#     BLOCK:   ACTUAL_TE:    TE_AVE:      ERROR:
           1   -0.885294   -0.885294           0
           2   -0.886065    -0.88568 0.000272378
           3   -0.886931   -0.886097 0.000386019
           4   -0.886525   -0.886204 0.000303982
           5   -0.885182   -0.885999 0.000304263
           6   -0.885389   -0.885898 0.000270033
           7   -0.887234   -0.886089  0.00029126
           8   -0.885642   -0.886033 0.000260138
           9   -0.886018   -0.886031 0.000231238
          10   -0.885662   -0.885994 0.000211035
          11   -0.886081   -0.886002 0.000191996
          12   -0.886788   -0.886068 0.000186831
          13    -0.88752   -0.886179 0.000203133
          14   -0.886287   -0.886187 0.000188769
          15   -0.884091   -0.886047 0.000221952
          16   -0.883555   -0.885892 0.000256987
          17   -0.886291   -0.885915 0.000242943
          18   -0.887196   -0.885986 0.000239641
          19   -0.886816    -0.88603 0.000230973
          20   -0.887009   -0.886079  0.00022455
          21    -0.88474   -0.886015 0.000222725
          22   -0.885194   -0.885978 0.000215702
          23   -0.887362   -0.886038 0.000214551
          24   -0.886514   -0.886058 0.000206527
          25    -0.88768   -0.886123  0.00020821
          26   -0.884452   -0.886058 0.000209884
          27    -0.88661   -0.886079 0.000203103
          28   -0.884771   -0.886032 0.000201148
          29   -0.885582   -0.886017 0.000194811
          30   -0.883473   -0.885932 0.000205946
          31   -0.883678   -0.885859 0.000211752
          32   -0.887982   -0.885925  0.00021528
          33   -0.885873   -0.885924 0.000208762
          34   -0.885098     -0.8859 0.000204032
          35   -0.887175   -0.885936 0.000201431
          36   -0.884786   -0.885904 0.000198351
          37   -0.885985   -0.885906 0.000193002
          38   -0.886007   -0.885909 0.000187941
          39   -0.885028   -0.885886 0.000184475
          40    -0.88265   -0.885805 0.000196804
          41   -0.887144   -0.885838 0.000194693
          42   -0.886952   -0.885865 0.000191855
          43   -0.884324   -0.885829 0.000190709
          44   -0.885148   -0.885813 0.000187002
          45   -0.883017   -0.885751 0.000192896
          46   -0.887246   -0.885784 0.000191419
          47   -0.885402   -0.885776 0.000187518
          48   -0.884816   -0.885756 0.000184674
          49   -0.884211   -0.885724 0.000183575
          50   -0.885344   -0.885716 0.000180061
