#     BLOCK:   ACTUAL_TE:    TE_AVE:      ERROR:
           1   -0.838471   -0.838471           0
           2    -0.83902   -0.838746  0.00019403
           3   -0.840132   -0.839208 0.000398887
           4   -0.840283   -0.839477   0.0003791
           5   -0.839189   -0.839419 0.000307618
           6   -0.838434   -0.839255 0.000296974
           7   -0.836333   -0.838837 0.000462763
           8   -0.839115   -0.838872 0.000406219
           9   -0.838382   -0.838818 0.000364721
          10   -0.839638     -0.8389 0.000337341
          11   -0.838213   -0.838837 0.000312398
          12   -0.839149   -0.838863 0.000287442
          13   -0.838434    -0.83883 0.000267217
          14   -0.839619   -0.838887 0.000254004
          15   -0.837821   -0.838815 0.000246807
          16   -0.837638   -0.838742 0.000242097
          17   -0.839011   -0.838758 0.000228374
          18   -0.839341    -0.83879 0.000217972
          19   -0.837526   -0.838724  0.00021641
          20   -0.840275   -0.838801 0.000219053
          21   -0.837563   -0.838742  0.00021641
          22   -0.837974   -0.838707 0.000209374
          23   -0.839593   -0.838746  0.00020378
          24   -0.839743   -0.838787 0.000199482
          25   -0.838678   -0.838783  0.00019155
          26   -0.839087   -0.838795  0.00018454
          27   -0.838723   -0.838792 0.000177724
          28   -0.838282   -0.838774 0.000172306
          29   -0.837681   -0.838736 0.000170437
          30   -0.838315   -0.838722 0.000165333
          31    -0.84033   -0.838774 0.000167934
          32   -0.840766   -0.838836 0.000173846
          33   -0.839175   -0.838847 0.000168881
          34   -0.837158   -0.838797 0.000171063
          35   -0.838949   -0.838801 0.000166231
          36   -0.836986   -0.838751 0.000169091
          37   -0.838454   -0.838743  0.00016471
          38    -0.83745   -0.838709 0.000163854
          39   -0.836978   -0.838664 0.000165555
          40   -0.836335   -0.838606 0.000171351
          41    -0.83853   -0.838604 0.000167181
          42   -0.839537   -0.838626 0.000164669
          43   -0.840137   -0.838662 0.000164542
          44   -0.838052   -0.838648 0.000161385
          45   -0.837194   -0.838615 0.000160998
          46    -0.83879   -0.838619 0.000157543
          47   -0.839406   -0.838636 0.000155077
          48   -0.840343   -0.838672 0.000155871
          49   -0.837554   -0.838649 0.000154351
          50   -0.838803   -0.838652 0.000151295
