#     BLOCK:   ACTUAL_TE:    TE_AVE:      ERROR:
           1   -0.562474   -0.562474           0
           2   -0.562696   -0.562585 7.83474e-05
           3   -0.563042   -0.562737 0.000134751
           4   -0.562523   -0.562684  0.00011119
           5   -0.563276   -0.562802 0.000138329
           6   -0.561374   -0.562564 0.000246036
           7    -0.56167   -0.562436 0.000241757
           8   -0.563077   -0.562516 0.000224397
           9   -0.561544   -0.562408 0.000223974
          10   -0.562862   -0.562454 0.000206126
          11   -0.563329   -0.562533 0.000202153
          12   -0.561416    -0.56244 0.000205637
          13   -0.561626   -0.562378 0.000199138
          14    -0.56149   -0.562314 0.000194737
          15    -0.56191   -0.562287 0.000183613
          16   -0.561978   -0.562268 0.000173149
          17   -0.562358   -0.562273 0.000163044
          18   -0.562498   -0.562286 0.000154462
          19   -0.562409   -0.562292 0.000146468
          20   -0.563114   -0.562333 0.000144799
          21   -0.561869   -0.562311 0.000139583
          22   -0.563247   -0.562354 0.000139573
          23   -0.561614   -0.562322 0.000137156
          24   -0.562243   -0.562318  0.00013148
          25   -0.562885   -0.562341 0.000128158
          26   -0.562175   -0.562335 0.000123388
          27   -0.562254   -0.562332 0.000118854
          28   -0.561155    -0.56229 0.000121809
          29   -0.562089   -0.562283 0.000117805
          30   -0.562407   -0.562287 0.000113951
          31   -0.563086   -0.562313 0.000113157
          32    -0.56225   -0.562311 0.000109638
          33   -0.562062   -0.562303 0.000106574
          34   -0.562525    -0.56231 0.000103638
          35   -0.563355   -0.562339 0.000104894
          36   -0.561835   -0.562325 0.000102912
          37   -0.561921   -0.562315  0.00010071
          38    -0.56135   -0.562289  0.00010121
          39   -0.562668   -0.562299 9.90804e-05
          40   -0.561648   -0.562283 9.79304e-05
          41   -0.561879   -0.562273 9.60349e-05
          42   -0.561906   -0.562264 9.41436e-05
          43   -0.563018   -0.562282 9.35711e-05
          44   -0.561985   -0.562275 9.16873e-05
          45   -0.561947   -0.562268 8.99384e-05
          46   -0.562196   -0.562266 8.79966e-05
          47   -0.563296   -0.562288 8.88114e-05
          48   -0.562458   -0.562291 8.70315e-05
          49   -0.562488   -0.562295 8.53477e-05
          50   -0.562546     -0.5623 8.37882e-05
