#     BLOCK:   ACTUAL_TE:    TE_AVE:      ERROR:
           1   -0.703269   -0.703269           0
           2   -0.703359   -0.703314 3.19612e-05
           3   -0.704274   -0.703634 0.000262038
           4   -0.703586   -0.703622 0.000196806
           5   -0.705659   -0.704029 0.000397015
           6   -0.703697   -0.703974 0.000334691
           7   -0.704705   -0.704078 0.000302728
           8   -0.703158   -0.703963 0.000285927
           9   -0.704014   -0.703969 0.000254212
          10    -0.70413   -0.703985 0.000229304
          11   -0.703794   -0.703968 0.000209112
          12   -0.703174   -0.703901 0.000201884
          13   -0.702678   -0.703807 0.000207119
          14   -0.704162   -0.703833 0.000193871
          15   -0.703266   -0.703795 0.000184586
          16   -0.704807   -0.703858 0.000183571
          17   -0.704578   -0.703901 0.000177593
          18   -0.704285   -0.703922 0.000169005
          19    -0.70365   -0.703908 0.000160716
          20   -0.704148    -0.70392 0.000153129
          21   -0.702988   -0.703875 0.000152128
          22   -0.703882   -0.703876 0.000145214
          23   -0.705094   -0.703929 0.000148254
          24   -0.705227   -0.703983  0.00015163
          25   -0.704091   -0.703987 0.000145627
          26   -0.703423   -0.703965 0.000141632
          27   -0.703379   -0.703944  0.00013804
          28   -0.702274   -0.703884 0.000145425
          29   -0.704074   -0.703891 0.000140559
          30   -0.703634   -0.703882 0.000136132
          31   -0.704055   -0.703888 0.000131856
          32   -0.704704   -0.703913  0.00013018
          33   -0.704324   -0.703926 0.000126829
          34   -0.704563   -0.703944 0.000124478
          35   -0.703399   -0.703929 0.000121892
          36   -0.702422   -0.703887 0.000125482
          37   -0.704394   -0.703901 0.000122836
          38    -0.70369   -0.703895 0.000119729
          39   -0.704349   -0.703907 0.000117223
          40   -0.703557   -0.703898 0.000114618
          41   -0.703341   -0.703884 0.000112625
          42    -0.70422   -0.703892 0.000110227
          43   -0.704086   -0.703897 0.000107755
          44   -0.703268   -0.703883  0.00010625
          45   -0.702571   -0.703853 0.000107811
          46   -0.704859   -0.703875 0.000107661
          47   -0.704027   -0.703878 0.000105419
          48   -0.704006   -0.703881 0.000103257
          49   -0.704924   -0.703902 0.000103319
          50    -0.70397   -0.703904 0.000101262
