#     BLOCK:   ACTUAL_TE:    TE_AVE:      ERROR:
           1   -0.508255   -0.508255           0
           2   -0.508107   -0.508181 5.23259e-05
           3   -0.507922   -0.508095 7.86014e-05
           4   -0.508718   -0.508251 0.000147296
           5   -0.508734   -0.508347 0.000146098
           6   -0.506948   -0.508114 0.000245258
           7   -0.508258   -0.508135 0.000211085
           8   -0.507897   -0.508105 0.000186783
           9   -0.507386   -0.508025 0.000182333
          10   -0.507806   -0.508003 0.000165406
          11   -0.508656   -0.508063 0.000160663
          12   -0.507546   -0.508019  0.00015294
          13   -0.507329   -0.507966  0.00015012
          14   -0.508018    -0.50797 0.000139442
          15   -0.506827   -0.507894 0.000149517
          16   -0.508399   -0.507925  0.00014347
          17   -0.507393   -0.507894 0.000138409
          18   -0.508041   -0.507902 0.000130959
          19   -0.507475    -0.50788 0.000125981
          20   -0.507558   -0.507864 0.000120707
          21   -0.507449   -0.507844 0.000116564
          22   -0.507935   -0.507848  0.00011134
          23   -0.507274   -0.507823 0.000109264
          24   -0.509309   -0.507885 0.000120984
          25   -0.508041   -0.507891 0.000116305
          26   -0.508434   -0.507912 0.000113693
          27   -0.507957   -0.507914 0.000109494
          28   -0.506781   -0.507873 0.000112812
          29   -0.508831   -0.507906 0.000113655
          30   -0.507874   -0.507905 0.000109872
          31   -0.509364   -0.507952 0.000115968
          32   -0.507694   -0.507944 0.000112625
          33   -0.508256   -0.507954 0.000109608
          34   -0.508371   -0.507966  0.00010707
          35   -0.508224   -0.507973 0.000104264
          36   -0.507646   -0.507964 0.000101765
          37   -0.508072   -0.507967 9.90561e-05
          38   -0.507472   -0.507954 9.73025e-05
          39   -0.507924   -0.507953 9.48106e-05
          40   -0.506793   -0.507924 9.67777e-05
          41   -0.508128   -0.507929 9.45447e-05
          42   -0.507398   -0.507917 9.31347e-05
          43   -0.508179   -0.507923 9.11687e-05
          44   -0.508025   -0.507925 8.91262e-05
          45    -0.50717   -0.507908 8.87093e-05
          46   -0.507948   -0.507909 8.67851e-05
          47   -0.507358   -0.507897 8.57283e-05
          48   -0.507526    -0.50789   8.429e-05
          49   -0.508242   -0.507897 8.28753e-05
          50   -0.507893   -0.507897 8.12178e-05
