#     BLOCK:   ACTUAL_TE:    TE_AVE:      ERROR:
           1   -0.791742   -0.791742           0
           2   -0.791419    -0.79158 0.000113986
           3   -0.792484   -0.791882 0.000257401
           4   -0.792046   -0.791923 0.000196289
           5   -0.791642   -0.791866 0.000164881
           6    -0.79217   -0.791917 0.000144938
           7    -0.79155   -0.791864 0.000133394
           8   -0.793818   -0.792109 0.000256473
           9   -0.792121    -0.79211  0.00022798
          10    -0.79376   -0.792275 0.000258076
          11   -0.791734   -0.792226 0.000239261
          12   -0.791969   -0.792204 0.000220279
          13   -0.791706   -0.792166 0.000206638
          14   -0.792535   -0.792192 0.000193553
          15   -0.790835   -0.792102 0.000200687
          16   -0.793522   -0.792191 0.000206831
          17   -0.793094   -0.792244 0.000201381
          18   -0.793677   -0.792323 0.000205327
          19   -0.792143   -0.792314 0.000194739
          20    -0.79333   -0.792365 0.000191519
          21   -0.790882   -0.792294 0.000194987
          22   -0.790603   -0.792217 0.000200702
          23   -0.791942   -0.792205 0.000192333
          24   -0.792784   -0.792229 0.000185825
          25   -0.791138   -0.792186 0.000183445
          26   -0.792619   -0.792202 0.000177145
          27   -0.790666   -0.792146 0.000179496
          28   -0.791962   -0.792139 0.000173205
          29   -0.793088   -0.792172 0.000170296
          30   -0.791232    -0.79214 0.000167476
          31   -0.793813   -0.792194 0.000170542
          32   -0.793064   -0.792221 0.000167364
          33   -0.791807   -0.792209 0.000162762
          34    -0.79218   -0.792208 0.000157977
          35   -0.790941   -0.792172 0.000157558
          36   -0.789442   -0.792096 0.000170451
          37   -0.792744   -0.792114 0.000166741
          38   -0.791572   -0.792099 0.000162961
          39   -0.791321   -0.792079     0.00016
          40    -0.79132    -0.79206 0.000157123
          41   -0.791767   -0.792053 0.000153453
          42     -0.7921   -0.792054 0.000149803
          43   -0.791829   -0.792049 0.000146411
          44   -0.791278   -0.792032  0.00014413
          45   -0.792124   -0.792034 0.000140942
          46   -0.793382   -0.792063 0.000140891
          47   -0.792379    -0.79207 0.000138054
          48   -0.792438   -0.792077 0.000135392
          49   -0.790533   -0.792046 0.000136248
          50   -0.792142   -0.792048 0.000133537
