#     BLOCK:   ACTUAL_TE:    TE_AVE:      ERROR:
           1   -0.593453   -0.593453           0
           2   -0.592747     -0.5931 0.000249467
           3   -0.592971   -0.593057 0.000169966
           4   -0.593155   -0.593082 0.000129233
           5    -0.59472   -0.593409 0.000310786
           6    -0.59329   -0.593389 0.000259628
           7   -0.593892   -0.593461 0.000232257
           8   -0.594446   -0.593584  0.00023356
           9   -0.591895   -0.593397 0.000272777
          10    -0.59345   -0.593402 0.000245552
          11   -0.594451   -0.593497 0.000241046
          12   -0.592625   -0.593425 0.000231665
          13   -0.593814   -0.593455 0.000215777
          14    -0.59339    -0.59345 0.000200413
          15   -0.592351   -0.593377 0.000199992
          16   -0.593586    -0.59339 0.000187918
          17   -0.593617   -0.593403 0.000177338
          18   -0.593149   -0.593389 0.000168048
          19   -0.593726   -0.593407 0.000160138
          20   -0.593669    -0.59342 0.000152666
          21   -0.592142   -0.593359 0.000157064
          22    -0.59384   -0.593381 0.000151438
          23    -0.59321   -0.593373 0.000145037
          24   -0.593391   -0.593374 0.000138996
          25   -0.593098   -0.593363 0.000133873
          26   -0.593727   -0.593377 0.000129454
          27   -0.593383   -0.593377  0.00012466
          28   -0.592966   -0.593363 0.000121072
          29   -0.592965   -0.593349 0.000117672
          30   -0.594263   -0.593379  0.00011763
          31   -0.593683   -0.593389 0.000114242
          32   -0.593515   -0.593393  0.00011074
          33   -0.592988   -0.593381 0.000108063
          34   -0.593518   -0.593385 0.000104959
          35    -0.59311   -0.593377 0.000102255
          36   -0.593063   -0.593368 9.97853e-05
          37   -0.593322   -0.593367 9.70964e-05
          38   -0.592754   -0.593351 9.58704e-05
          39   -0.594356   -0.593377  9.6814e-05
          40   -0.592506   -0.593355 9.68076e-05
          41   -0.593203   -0.593351 9.45172e-05
          42   -0.593411   -0.593353 9.22776e-05
          43   -0.593103   -0.593347 9.03138e-05
          44   -0.593338   -0.593347 8.82614e-05
          45   -0.592954   -0.593338 8.67294e-05
          46   -0.593614   -0.593344 8.50508e-05
          47   -0.593189   -0.593341 8.33052e-05
          48    -0.59291   -0.593332 8.20505e-05
          49   -0.593814   -0.593342 8.09633e-05
          50   -0.594454   -0.593364 8.23467e-05
