#     BLOCK:   ACTUAL_TE:    TE_AVE:      ERROR:
           1   -0.746462   -0.746462           0
           2   -0.746698    -0.74658 8.34386e-05
           3   -0.746615   -0.746592 5.64263e-05
           4   -0.746166   -0.746485 0.000101556
           5   -0.747423   -0.746673 0.000186397
           6   -0.746137   -0.746584 0.000175448
           7    -0.74682   -0.746617   0.0001536
           8   -0.747428   -0.746719 0.000164461
           9   -0.746329   -0.746675 0.000151786
          10   -0.746219    -0.74663 0.000143299
          11   -0.747594   -0.746717 0.000154796
          12   -0.746571   -0.746705 0.000142376
          13   -0.746318   -0.746675  0.00013451
          14   -0.747597   -0.746741  0.00014008
          15   -0.745491   -0.746658 0.000153543
          16   -0.746203   -0.746629 0.000146553
          17   -0.747419   -0.746676 0.000145107
          18   -0.747896   -0.746744 0.000152054
          19   -0.746924   -0.746753 0.000144347
          20   -0.746148   -0.746723 0.000140266
          21    -0.74623   -0.746699  0.00013554
          22   -0.746623   -0.746696 0.000129423
          23   -0.748762   -0.746786  0.00015181
          24   -0.746014   -0.746754 0.000148849
          25   -0.746461   -0.746742 0.000143355
          26    -0.74712   -0.746757 0.000138577
          27   -0.745969   -0.746727 0.000136481
          28   -0.746538   -0.746721 0.000131775
          29   -0.747004    -0.74673 0.000127593
          30   -0.745666   -0.746695 0.000128174
          31   -0.747243   -0.746713 0.000125254
          32   -0.747659   -0.746742 0.000124784
          33   -0.748151   -0.746785   0.0001281
          34   -0.747215   -0.746798 0.000124956
          35   -0.746118   -0.746778 0.000122886
          36   -0.745094   -0.746731 0.000128064
          37   -0.747398   -0.746749 0.000125862
          38   -0.746322   -0.746738 0.000123052
          39   -0.745586   -0.746709 0.000123394
          40   -0.745514   -0.746679 0.000123873
          41   -0.747972    -0.74671 0.000124804
          42     -0.7456   -0.746684   0.0001246
          43   -0.746669   -0.746683 0.000121703
          44    -0.74525   -0.746651 0.000123222
          45   -0.745658   -0.746629 0.000122445
          46   -0.747598    -0.74665 0.000121581
          47   -0.746373   -0.746644 0.000119137
          48   -0.746002   -0.746631 0.000117404
          49   -0.746023   -0.746618  0.00011566
          50   -0.747823   -0.746642 0.000115831
