#     BLOCK:   ACTUAL_TE:    TE_AVE:      ERROR:
           1   -0.664322   -0.664322           0
           2     -0.6644   -0.664361 2.77186e-05
           3   -0.664365   -0.664362 1.85111e-05
           4    -0.66491   -0.664499 0.000119512
           5   -0.665461   -0.664692 0.000196802
           6   -0.663898   -0.664559 0.000203683
           7   -0.663436   -0.664399 0.000229235
           8   -0.664046   -0.664355 0.000204787
           9   -0.663365   -0.664245 0.000209492
          10   -0.664512   -0.664271 0.000190242
          11   -0.664507   -0.664293 0.000174151
          12   -0.662932   -0.664179  0.00019306
          13   -0.662926   -0.664083 0.000200833
          14   -0.664499   -0.664113 0.000188675
          15   -0.662667   -0.664016 0.000199194
          16   -0.663558   -0.663988 0.000188797
          17   -0.664542    -0.66402 0.000180481
          18   -0.664858   -0.664067 0.000176347
          19   -0.664316    -0.66408 0.000167552
          20     -0.6639   -0.664071 0.000159416
          21   -0.663689   -0.664053  0.00015286
          22   -0.663227   -0.664015 0.000150447
          23   -0.664982   -0.664057 0.000149658
          24    -0.66527   -0.664108 0.000151709
          25   -0.663886   -0.664099   0.0001459
          26   -0.664384    -0.66411   0.0001407
          27   -0.664298   -0.664117 0.000135661
          28   -0.663398   -0.664091 0.000133225
          29   -0.664389   -0.664101 0.000129026
          30   -0.664262   -0.664107 0.000124837
          31   -0.663501   -0.664087  0.00012233
          32   -0.664547   -0.664102 0.000119349
          33   -0.664677   -0.664119 0.000116999
          34   -0.664041   -0.664117  0.00011358
          35   -0.664518   -0.664128 0.000110913
          36   -0.662382    -0.66408 0.000117958
          37    -0.66442   -0.664089 0.000115128
          38   -0.663109   -0.664063 0.000114951
          39   -0.664625   -0.664077 0.000112902
          40   -0.663048   -0.664052 0.000112975
          41   -0.663074   -0.664028 0.000112707
          42   -0.664222   -0.664033 0.000110118
          43   -0.664312   -0.664039 0.000107749
          44   -0.664375   -0.664047 0.000105571
          45   -0.662481   -0.664012 0.000108808
          46   -0.665602   -0.664046 0.000111802
          47   -0.664145   -0.664049 0.000109443
          48   -0.665898   -0.664087 0.000113746
          49   -0.664518   -0.664096 0.000111763
          50   -0.663024   -0.664074 0.000111565
