#     Temp:      mu:     sigma:      H:
0.1            0.885536             1.06054            0.542087
0.0995            0.844194            0.958178           -0.025481
0.099            0.877812            0.844664           0.0740963
0.0985            0.944747            0.724389           -0.210092
0.098            0.931566            0.684411           -0.331662
0.0975            0.901084            0.718271           -0.321527
0.097            0.919289            0.719852           -0.293392
0.0965            0.979134            0.671927           -0.221823
0.096            0.972512             0.68812           -0.269536
0.0955            0.982046            0.760661           -0.140102
0.095             0.98328            0.794327           0.0488356
0.0945             1.00952            0.724165           -0.181479
0.094            0.985499            0.770808           -0.176453
0.0935             1.00635            0.741694          -0.0661308
0.093            0.953844             0.69501           -0.309481
0.0925            0.906768            0.628197           -0.380288
0.092            0.872161            0.587461           -0.355197
0.0915             0.82942             0.58098           -0.423059
0.091            0.843884            0.586094           -0.421367
0.0905            0.790163            0.691017           -0.406535
0.09            0.783632            0.798034           -0.207147
0.0895            0.702932            0.854865           -0.261236
0.089            0.744803            0.832115           -0.247073
0.0885             0.75963            0.827597           -0.260086
0.088            0.715014            0.818937           -0.287305
0.0875            0.755031            0.836616           -0.232787
0.087            0.683362            0.821483            -0.30169
0.0865            0.659553            0.854972           -0.261492
0.086             0.69572            0.839621           -0.309165
0.0855            0.712196            0.883993           -0.265208
0.085            0.815648            0.787743           -0.322514
0.0845            0.784033            0.656894           -0.421186
0.084            0.812355            0.620379           -0.442905
0.0835            0.776228            0.572288           -0.431485
0.083            0.858976            0.587454           -0.428744
0.0825            0.882705            0.526767           -0.336354
0.082            0.861754            0.571165           -0.404526
0.0815            0.914925            0.625306            -0.39355
0.081            0.894913            0.593177           -0.327663
0.0805            0.828851            0.590008            -0.42994
0.08            0.824688              0.5224           -0.173474
0.0795            0.800792            0.596027           -0.433279
0.079            0.821176            0.638452           -0.432266
0.0785            0.760072             0.56986           -0.409914
0.078             0.72839            0.600258           -0.429279
0.0775            0.672154            0.590206           -0.388261
0.077            0.728824            0.552962           -0.323884
0.0765            0.726858            0.562826           -0.349433
0.076            0.733737            0.527155           -0.347104
0.0755            0.734723              0.5534           -0.319971
0.075            0.815439            0.588221           -0.423959
0.0745             0.80781            0.597549             -0.4297
0.074            0.833125            0.692264           -0.384091
0.0735            0.799969            0.694248           -0.387149
0.073            0.742509            0.780244           -0.345875
0.0725            0.765842            0.737842           -0.360612
0.072            0.778009            0.713691           -0.415783
0.0715            0.732468            0.616785           -0.427703
0.071            0.704269            0.640651           -0.409011
0.0705            0.644339            0.637469           -0.367192
0.07            0.748297            0.656294            -0.42634
0.0695            0.720579            0.620021           -0.420478
0.069             0.74651            0.555939           -0.363265
0.0685            0.821825            0.617215           -0.448544
0.068            0.808184            0.681265           -0.415163
0.0675            0.805208            0.729074           -0.389478
0.067            0.871098             0.75754           -0.230355
0.0665            0.845225            0.832403           -0.161944
0.066            0.849585            0.883881          -0.0319146
0.0655            0.874455            0.791269           -0.200726
0.065            0.858235            0.733079            -0.40188
0.0645            0.880728            0.724132           -0.375672
0.064            0.869362            0.713411           -0.322086
0.0635            0.800718            0.702757           -0.382173
0.063            0.755135            0.610286           -0.434728
0.0625             0.76475            0.558592           -0.364512
0.062            0.808286            0.642162           -0.426847
0.0615            0.699494            0.659291           -0.394496
0.061            0.736024            0.649861           -0.422403
0.0605            0.791626            0.598238           -0.439969
0.06            0.856395            0.633109           -0.420702
0.0595            0.936483            0.653015           -0.261668
0.059            0.815417            0.653721           -0.429659
0.0585            0.744358            0.668652           -0.360115
0.058            0.700497            0.732752           -0.352571
0.0575            0.825189            0.651074           -0.428511
0.057            0.738275             0.50873           -0.341548
0.0565            0.735272            0.480174           -0.221505
0.056            0.800605            0.593009           -0.438325
0.0555            0.851101            0.601484           -0.431751
0.055            0.822983            0.594904           -0.404999
0.0545            0.849616            0.622294           -0.445661
0.054            0.883751            0.568258            -0.39827
0.0535            0.909897             0.55338            -0.38407
0.053             0.76447            0.520892           -0.363075
0.0525            0.762859            0.574033           -0.420947
0.052            0.801406            0.576734           -0.409948
0.0515            0.880599            0.640614            -0.41837
0.051            0.908269            0.588161            -0.35165
0.0505            0.910628             0.59804           -0.341041
0.05            0.844448            0.623296           -0.399387
0.0495            0.821284            0.523416           -0.347601
0.049            0.754947            0.526475           -0.271666
0.0485            0.834723            0.580179           -0.435152
0.048             0.82129            0.584564           -0.424891
0.0475            0.808293            0.566758           -0.413987
0.047            0.836364            0.566482           -0.409377
0.0465            0.932385            0.599319           -0.394087
0.046            0.832195            0.597557           -0.449222
0.0455            0.772093            0.654627           -0.416911
0.045            0.761937              0.6655           -0.401468
0.0445            0.816777            0.586703           -0.432221
0.044            0.791998            0.662016            -0.45049
0.0435             0.69995            0.618751            -0.41693
0.043            0.728496            0.632186           -0.427757
0.0425            0.802919            0.662471           -0.374782
0.042            0.824928            0.550853            -0.40418
0.0415            0.713046            0.555966           -0.393754
0.041            0.659038            0.612009           -0.361836
0.0405            0.656613            0.597532           -0.370812
0.04            0.678354            0.618584           -0.386109
0.0395            0.664078            0.625621           -0.346123
0.039            0.675962            0.587403           -0.392075
0.0385            0.626993            0.614263           -0.331718
0.038            0.754894            0.631704           -0.435783
0.0375            0.734251            0.592946           -0.375232
0.037            0.872526            0.577031           -0.406243
0.0365            0.862894            0.612368           -0.400935
0.036            0.779898            0.561703           -0.402537
0.0355            0.782569             0.61219           -0.441634
0.035            0.768684            0.608388           -0.424714
0.0345            0.774685            0.636572           -0.455119
0.034            0.662419            0.661695           -0.370233
0.0335            0.731886            0.699255           -0.403461
0.033            0.713057            0.716668           -0.403403
0.0325            0.749784            0.649444           -0.392131
0.032            0.738092            0.687345           -0.419058
0.0315             0.81235            0.716953           -0.390076
0.031            0.818084            0.643626           -0.442038
0.0305             0.94989            0.549716           -0.328183
0.03            0.925866            0.559245           -0.278264
0.0295            0.836771             0.58126           -0.376942
0.029            0.878875            0.626534           -0.372673
0.0285            0.918147            0.648755           -0.362344
0.028            0.974284            0.621864           -0.276987
0.0275            0.897967            0.580705           -0.402992
0.027            0.831483            0.614587           -0.432561
0.0265            0.802289            0.667106           -0.402345
0.026            0.829005            0.588956             -0.4389
0.0255            0.771097            0.677987           -0.421605
0.025            0.757171            0.596954            -0.43837
0.0245            0.799291            0.595492           -0.439401
0.024            0.800436            0.593732           -0.400491
0.0235            0.819821            0.612211           -0.441146
0.023            0.810443            0.640685           -0.447857
0.0225             0.72746            0.594061           -0.431975
0.022            0.753059            0.593185           -0.423498
0.0215            0.764703            0.619398           -0.440442
0.021            0.761237            0.598851           -0.429789
0.0205            0.839427             0.58574           -0.412606
0.02            0.809274            0.587141           -0.452542
0.0195            0.774333            0.597613           -0.433256
0.019            0.773184            0.601951           -0.393995
0.0185            0.814667            0.636416           -0.442569
0.018            0.865907            0.583097           -0.367817
0.0175            0.844022            0.647612           -0.416877
0.017            0.818355            0.580512           -0.433444
0.0165            0.791077            0.636912           -0.412502
0.016            0.792642            0.639789           -0.380622
0.0155            0.786221             0.67118           -0.433021
0.015             0.84083            0.671444           -0.429486
0.0145            0.823872            0.676143           -0.357581
0.014            0.847835            0.649966           -0.378017
0.0135            0.816006             0.60559            -0.44478
0.013            0.824352            0.603601           -0.431949
0.0125            0.819923            0.617818           -0.453147
0.012            0.781966            0.707579           -0.400323
0.0115            0.818631            0.674918           -0.395855
0.011            0.802248            0.635135           -0.444244
0.0105            0.732828            0.656041           -0.400681
0.01            0.737072            0.635758           -0.402164
0.0095            0.788977            0.666234           -0.428073
0.009            0.756062            0.634491           -0.430766
0.0085            0.803499              0.6073            -0.42606
0.008            0.755072             0.65158            -0.40964
0.0075            0.785674            0.644114           -0.428117
0.007            0.814654            0.646416           -0.426859
0.0065            0.831608            0.651495            -0.43903
0.006            0.831608            0.651495           -0.447402
0.0055            0.860443            0.629425           -0.420831
0.005             0.86257            0.598276           -0.387833
0.0045            0.814161             0.63267            -0.43815
0.004            0.809876            0.636534           -0.427783
0.0035            0.727154             0.64497           -0.427702
0.003            0.774133            0.595273             -0.4394
0.0025            0.754791            0.604922           -0.446938
0.002            0.800432            0.614371           -0.442208
0.0015            0.837512             0.60374           -0.407733
0.001            0.816327            0.614346           -0.434382
0.0005            0.763782            0.671561           -0.437974
