#     BLOCK:   ACTUAL_T:     T_AVE:       ERROR:
           1       1.542       1.542           0
           2     1.54185     1.54193 5.25616e-05
           3     1.54141     1.54175 0.000145791
           4     1.54066     1.54148  0.00025983
           5     1.53963     1.54111  0.00039146
           6     1.53829     1.54064 0.000538562
           7     1.53667     1.54007 0.000699625
           8     1.53474     1.53941 0.000873495
           9     1.53253     1.53864  0.00105926
          10     1.53002     1.53778   0.0012561
          11     1.52722     1.53682  0.00146339
          12     1.52413     1.53576  0.00168061
          13     1.52075     1.53461   0.0019072
          14     1.51708     1.53336  0.00214266
          15     1.51313     1.53201   0.0023866
          16     1.50889     1.53056  0.00263865
          17     1.50438     1.52902  0.00289843
          18     1.49958     1.52739  0.00316561
          19     1.49449     1.52566  0.00343993
          20     1.48913     1.52383  0.00372119
          21     1.48349     1.52191  0.00400921
          22     1.47757     1.51989  0.00430375
          23     1.47138     1.51778  0.00460463
          24     1.46491     1.51558  0.00491169
          25     1.45816     1.51328  0.00522477
          26     1.45113     1.51089  0.00554375
          27     1.44383     1.50841  0.00586851
          28     1.43626     1.50583  0.00619891
          29     1.42841     1.50316  0.00653479
          30      1.4203      1.5004  0.00687603
          31     1.41191     1.49755   0.0072225
          32     1.40326      1.4946  0.00757405
          33     1.39434     1.49156  0.00793053
          34     1.38516     1.48843  0.00829182
          35     1.37571     1.48521  0.00865777
          36     1.36601      1.4819  0.00902827
          37     1.35605      1.4785  0.00940316
          38     1.34584     1.47501  0.00978231
          39     1.33538     1.47143   0.0101656
          40     1.32467     1.46776   0.0105527
          41     1.31373       1.464   0.0109437
          42     1.30254     1.46016   0.0113383
          43     1.29112     1.45623   0.0117363
          44     1.27947     1.45221   0.0121376
          45      1.2676     1.44811    0.012542
          46     1.25551     1.44392   0.0129494
          47      1.2432     1.43965   0.0133596
          48     1.23068      1.4353   0.0137723
          49     1.21796     1.43086   0.0141875
          50     1.20505     1.42634   0.0146049
          51     1.19195     1.42175   0.0150243
          52     1.17866     1.41707   0.0154455
          53      1.1652     1.41232   0.0158684
          54     1.15157     1.40749   0.0162927
          55     1.13778     1.40259   0.0167181
          56     1.12384     1.39761   0.0171446
          57     1.10976     1.39256   0.0175719
          58     1.09554     1.38744   0.0179997
          59      1.0812     1.38225   0.0184278
          60     1.06675     1.37699    0.018856
          61     1.05219     1.37167    0.019284
          62     1.03753     1.36628   0.0197117
          63      1.0228     1.36082   0.0201387
          64     1.00799     1.35531   0.0205648
          65    0.993122     1.34974   0.0209897
          66    0.978205     1.34411   0.0214133
          67    0.963251     1.33843   0.0218351
          68    0.948273     1.33269   0.0222551
          69    0.933283      1.3269   0.0226728
          70    0.918293     1.32106   0.0230881
          71    0.903317     1.31518   0.0235007
          72    0.888367     1.30925   0.0239102
          73    0.873457     1.30328   0.0243165
          74    0.858601     1.29727   0.0247193
          75    0.843812     1.29123   0.0251182
          76    0.829102     1.28515   0.0255131
          77    0.814487     1.27903   0.0259036
          78    0.799979     1.27289   0.0262896
          79    0.785592     1.26672   0.0266706
          80    0.771341     1.26053   0.0270465
          81    0.757239     1.25432    0.027417
          82    0.743298     1.24808   0.0277819
          83    0.729533     1.24184   0.0281409
          84    0.715955     1.23558   0.0284938
          85    0.702579     1.22931   0.0288403
          86    0.689416     1.22303   0.0291802
          87    0.676478     1.21675   0.0295133
          88    0.663778     1.21046   0.0298394
          89    0.651327     1.20418   0.0301582
          90    0.639136      1.1979   0.0304696
          91    0.627217     1.19163   0.0307734
          92    0.615578     1.18537   0.0310693
          93     0.60423     1.17912   0.0313574
          94    0.593182     1.17289   0.0316373
          95    0.582444     1.16667   0.0319089
          96    0.572022     1.16048   0.0321721
          97    0.561926     1.15431   0.0324268
          98     0.55216     1.14816   0.0326729
          99    0.542733     1.14205   0.0329102
         100    0.533649     1.13596   0.0331387
         101    0.524913     1.12991   0.0333583
         102    0.516531      1.1239   0.0335689
         103    0.508505     1.11792   0.0337705
         104    0.500839     1.11199    0.033963
         105    0.493535      1.1061   0.0341465
         106    0.486595     1.10026   0.0343209
         107     0.48002     1.09446   0.0344861
         108     0.47381     1.08871   0.0346423
         109    0.467965     1.08302   0.0347895
         110    0.462485     1.07738   0.0349276
         111    0.457368     1.07179   0.0350567
         112    0.452612     1.06626   0.0351769
         113    0.448215     1.06079   0.0352883
         114    0.444173     1.05538   0.0353908
         115    0.440484     1.05004   0.0354847
         116    0.437142     1.04475     0.03557
         117    0.434144     1.03954   0.0356468
         118    0.431485     1.03438   0.0357152
         119    0.429158      1.0293   0.0357753
         120    0.427157     1.02428   0.0358274
         121    0.425477     1.01933   0.0358714
         122    0.424111     1.01445   0.0359077
         123    0.423052     1.00964   0.0359362
         124    0.422293     1.00491   0.0359572
         125    0.421825     1.00024   0.0359708
         126    0.421641     0.99565   0.0359773
         127    0.421734    0.991131   0.0359767
         128    0.422095    0.986685   0.0359692
         129    0.422715    0.982313   0.0359551
         130    0.423586    0.978015   0.0359345
         131    0.424699    0.973791   0.0359076
         132    0.426046    0.969642   0.0358745
         133    0.427617    0.965566   0.0358355
         134    0.429404    0.961565   0.0357908
         135    0.431397    0.957638   0.0357404
         136    0.433589    0.953785   0.0356848
         137    0.435969    0.950005   0.0356239
         138    0.438529    0.946299    0.035558
         139    0.441259    0.942665   0.0354874
         140    0.444152    0.939105   0.0354121
         141    0.447198    0.935616   0.0353324
         142    0.450389    0.932199   0.0352484
         143    0.453716    0.928853   0.0351604
         144    0.457171    0.925577   0.0350684
         145    0.460746    0.922371   0.0349728
         146    0.464433    0.919235   0.0348736
         147    0.468223    0.916167   0.0347711
         148    0.472108    0.913166   0.0346654
         149    0.476081    0.910233   0.0345566
         150    0.480134    0.907366    0.034445
         151     0.48426    0.904564   0.0343307
         152    0.488452    0.901826   0.0342138
         153    0.492702    0.899152   0.0340945
         154    0.497006    0.896541   0.0339729
         155    0.501355    0.893991   0.0338493
         156    0.505742    0.891502   0.0337237
         157    0.510163    0.889073   0.0335962
         158    0.514612    0.886703   0.0334671
         159    0.519081    0.884391   0.0333364
         160    0.523566    0.882136   0.0332042
         161    0.528063    0.879937   0.0330707
         162    0.532565    0.877793    0.032936
         163    0.537067    0.875702   0.0328002
         164    0.541565    0.873665   0.0326635
         165    0.546055    0.871679   0.0325258
         166    0.550532    0.869745   0.0323873
         167    0.554993     0.86786   0.0322482
         168    0.559433    0.866024   0.0321085
         169    0.563849    0.864236   0.0319682
         170    0.568237    0.862495   0.0318275
         171    0.572594      0.8608   0.0316865
         172    0.576917    0.859149   0.0315453
         173    0.581202    0.857542   0.0314038
         174    0.585447    0.855979   0.0312622
         175    0.589649    0.854457   0.0311206
         176    0.593804    0.852976    0.030979
         177    0.597912    0.851535   0.0308375
         178    0.601968    0.850133   0.0306961
         179    0.605973    0.848769   0.0305549
         180    0.609922    0.847442    0.030414
         181    0.613815    0.846151   0.0302733
         182     0.61765    0.844896    0.030133
         183    0.621424    0.843674   0.0299931
         184    0.625136    0.842487   0.0298536
         185    0.628784    0.841332   0.0297145
         186    0.632368    0.840208    0.029576
         187    0.635884    0.839115    0.029438
         188    0.639333    0.838053   0.0293006
         189    0.642712    0.837019   0.0291638
         190     0.64602    0.836014   0.0290276
         191    0.649256    0.835036   0.0288921
         192     0.65242    0.834085   0.0287573
         193     0.65551     0.83316   0.0286232
         194    0.658525     0.83226   0.0284898
         195    0.661463    0.831384   0.0283571
         196    0.664322    0.830531   0.0282253
         197    0.667103    0.829702   0.0280942
         198    0.669803    0.828894   0.0279639
         199    0.672424    0.828108   0.0278344
         200    0.674962    0.827342   0.0277058
         201    0.677417    0.826596    0.027578
         202    0.679789    0.825869    0.027451
         203    0.682077    0.825161   0.0273249
         204     0.68428    0.824471   0.0271997
         205    0.686397    0.823797   0.0270754
         206    0.688428     0.82314   0.0269519
         207    0.690371    0.822499   0.0268293
         208    0.692228    0.821872   0.0267077
         209    0.693996     0.82126   0.0265869
         210    0.695676    0.820662    0.026467
         211    0.697268    0.820078    0.026348
         212    0.698771    0.819505     0.02623
         213    0.700183    0.818945   0.0261128
         214    0.701505    0.818396   0.0259965
         215    0.702737    0.817858   0.0258812
         216    0.703879    0.817331   0.0257668
         217     0.70493    0.816813   0.0256532
         218    0.705892    0.816304   0.0255406
         219    0.706764    0.815804   0.0254289
         220    0.707547    0.815312    0.025318
         221    0.708242    0.814827   0.0252081
         222    0.708849     0.81435   0.0250991
         223     0.70937    0.813879   0.0249909
         224    0.709804    0.813414   0.0248837
         225    0.710152    0.812955   0.0247773
         226    0.710416    0.812502   0.0246718
         227    0.710596    0.812053   0.0245672
         228    0.710694    0.811608   0.0244635
         229    0.710711    0.811168   0.0243607
         230    0.710648    0.810731   0.0242587
         231    0.710508    0.810297   0.0241575
         232    0.710291    0.809866   0.0240572
         233        0.71    0.809437   0.0239578
         234    0.709638    0.809011   0.0238592
         235    0.709206    0.808586   0.0237615
         236    0.708708    0.808163   0.0236646
         237    0.708145    0.807741   0.0235685
         238     0.70752     0.80732   0.0234732
         239    0.706836    0.806899   0.0233788
         240    0.706095    0.806479   0.0232851
         241    0.705301    0.806059   0.0231923
         242    0.704457    0.805639   0.0231002
         243    0.703565    0.805219    0.023009
         244    0.702628    0.804799   0.0229185
         245    0.701651    0.804378   0.0228289
         246    0.700638    0.803956     0.02274
         247     0.69959    0.803534   0.0226518
         248    0.698514     0.80311   0.0225644
         249    0.697413    0.802686   0.0224778
         250    0.696289     0.80226   0.0223919
         251    0.695145    0.801833   0.0223068
         252    0.693986    0.801405   0.0222224
         253    0.692816    0.800976   0.0221387
         254    0.691638    0.800546   0.0220557
         255    0.690455    0.800114   0.0219734
         256    0.689271    0.799681   0.0218919
         257    0.688092    0.799247    0.021811
         258    0.686921    0.798811   0.0217308
         259    0.685761    0.798375   0.0216513
         260    0.684614    0.797937   0.0215724
         261    0.683485    0.797499   0.0214942
         262    0.682376     0.79706   0.0214167
         263    0.681292    0.796619   0.0213398
         264    0.680236    0.796179   0.0212635
         265    0.679211    0.795737   0.0211878
         266    0.678221    0.795295   0.0211128
         267    0.677267    0.794853   0.0210383
         268    0.676352    0.794411   0.0209645
         269    0.675481    0.793969   0.0208912
         270    0.674654    0.793527   0.0208185
         271    0.673874    0.793086   0.0207464
         272    0.673144    0.792645   0.0206748
         273    0.672466    0.792204   0.0206037
         274    0.671841    0.791765   0.0205332
         275    0.671274    0.791327   0.0204632
         276    0.670763     0.79089   0.0203937
         277    0.670313    0.790455   0.0203248
         278    0.669923    0.790021   0.0202563
         279    0.669596     0.78959   0.0201883
         280    0.669332     0.78916   0.0201207
         281    0.669131    0.788733   0.0200537
         282    0.668994    0.788308   0.0199871
         283    0.668923    0.787887   0.0199209
         284    0.668917    0.787468   0.0198551
         285    0.668977    0.787052   0.0197898
         286    0.669103    0.786639   0.0197249
         287    0.669295    0.786231   0.0196604
         288    0.669553    0.785825   0.0195963
         289    0.669878    0.785424   0.0195326
         290    0.670268    0.785027   0.0194693
         291    0.670725    0.784634   0.0194064
         292    0.671246    0.784246   0.0193438
         293    0.671832    0.783862   0.0192816
         294    0.672482    0.783484   0.0192197
         295    0.673196     0.78311   0.0191582
         296    0.673972    0.782741    0.019097
         297     0.67481    0.782378   0.0190362
         298    0.675708     0.78202   0.0189757
         299    0.676664    0.781667   0.0189155
         300    0.677677    0.781321   0.0188556
         301    0.678745     0.78098   0.0187961
         302    0.679868    0.780645   0.0187368
         303    0.681043    0.780316   0.0186778
         304    0.682269    0.779994   0.0186192
         305    0.683544    0.779678   0.0185608
         306    0.684868    0.779368   0.0185028
         307    0.686237    0.779064    0.018445
         308    0.687651    0.778768   0.0183875
         309    0.689106    0.778477   0.0183303
         310      0.6906    0.778194   0.0182733
         311    0.692133    0.777917   0.0182167
         312    0.693702    0.777647   0.0181603
         313    0.695306    0.777384   0.0181042
         314    0.696942    0.777128   0.0180483
         315    0.698609    0.776879   0.0179927
         316    0.700304    0.776636   0.0179374
         317    0.702023    0.776401   0.0178824
         318    0.703766    0.776173   0.0178276
         319    0.705529    0.775951   0.0177731
         320     0.70731    0.775737   0.0177189
         321    0.709108    0.775529   0.0176649
         322    0.710919    0.775328   0.0176112
         323    0.712741    0.775135   0.0175577
         324    0.714573    0.774948   0.0175045
         325     0.71641    0.774768   0.0174516
         326    0.718251    0.774594   0.0173989
         327    0.720094    0.774428   0.0173465
         328    0.721935    0.774268   0.0172943
         329    0.723772    0.774114   0.0172425
         330    0.725604    0.773967   0.0171908
         331    0.727427    0.773827   0.0171395
         332    0.729238    0.773692   0.0170884
         333    0.731036    0.773564   0.0170375
         334    0.732818    0.773442    0.016987
         335    0.734582    0.773326   0.0169366
         336    0.736324    0.773216   0.0168866
         337     0.73804    0.773112   0.0168368
         338     0.73973    0.773013   0.0167873
         339     0.74139     0.77292    0.016738
         340    0.743017    0.772832    0.016689
         341     0.74461    0.772749   0.0166403
         342    0.746166    0.772671   0.0165918
         343    0.747682    0.772598   0.0165436
         344    0.749158     0.77253   0.0164957
         345     0.75059    0.772467    0.016448
         346    0.751976    0.772407   0.0164005
         347    0.753315    0.772352   0.0163534
         348    0.754602    0.772301   0.0163064
         349    0.755838    0.772254   0.0162598
         350     0.75702    0.772211   0.0162134
         351    0.758146    0.772171   0.0161673
         352    0.759216    0.772134   0.0161214
         353    0.760228      0.7721   0.0160757
         354    0.761181    0.772069   0.0160303
         355    0.762077    0.772041   0.0159852
         356    0.762912    0.772015   0.0159403
         357    0.763687    0.771992   0.0158957
         358      0.7644    0.771971   0.0158513
         359    0.765053    0.771952   0.0158072
         360    0.765646    0.771934   0.0157633
         361    0.766178    0.771918   0.0157196
         362    0.766651    0.771904   0.0156762
         363    0.767067     0.77189    0.015633
         364    0.767426    0.771878   0.0155901
         365    0.767731    0.771867   0.0155474
         366    0.767982    0.771856   0.0155049
         367    0.768182    0.771846   0.0154626
         368    0.768332    0.771836   0.0154206
         369    0.768435    0.771827   0.0153788
         370    0.768494    0.771818   0.0153373
         371    0.768512    0.771809   0.0152959
         372    0.768493      0.7718   0.0152548
         373    0.768439    0.771791   0.0152139
         374    0.768355    0.771782   0.0151733
         375    0.768243    0.771773   0.0151328
         376    0.768109    0.771763   0.0150926
         377    0.767956    0.771753   0.0150525
         378    0.767789    0.771742   0.0150127
         379    0.767613    0.771732   0.0149731
         380    0.767431     0.77172   0.0149337
         381    0.767248    0.771708   0.0148945
         382    0.767069    0.771696   0.0148555
         383    0.766899    0.771684   0.0148167
         384    0.766741    0.771671   0.0147782
         385    0.766602    0.771658   0.0147398
         386    0.766486    0.771644   0.0147016
         387    0.766397    0.771631   0.0146636
         388    0.766341    0.771617   0.0146258
         389    0.766321    0.771604   0.0145882
         390    0.766341     0.77159   0.0145508
         391    0.766405    0.771577   0.0145136
         392    0.766518    0.771564   0.0144766
         393    0.766683    0.771551   0.0144398
         394    0.766903     0.77154   0.0144031
         395    0.767181    0.771529   0.0143667
         396    0.767521    0.771519   0.0143304
         397    0.767923    0.771509   0.0142943
         398    0.768389    0.771502   0.0142584
         399    0.768922    0.771495   0.0142227
         400    0.769522     0.77149   0.0141871
         401    0.770191    0.771487   0.0141517
         402     0.77093    0.771486   0.0141165
         403    0.771739    0.771486   0.0140815
         404    0.772616    0.771489   0.0140466
         405     0.77356    0.771494    0.014012
         406    0.774571    0.771502   0.0139774
         407    0.775647    0.771512   0.0139431
         408    0.776788    0.771525   0.0139089
         409     0.77799    0.771541   0.0138749
         410    0.779252    0.771559   0.0138411
         411    0.780571    0.771581   0.0138075
         412    0.781943    0.771607    0.013774
         413    0.783366    0.771635   0.0137406
         414    0.784835    0.771667   0.0137075
         415    0.786347    0.771702   0.0136745
         416      0.7879    0.771741   0.0136417
         417     0.78949    0.771784    0.013609
         418    0.791113     0.77183   0.0135766
         419    0.792765     0.77188   0.0135443
         420    0.794442    0.771934   0.0135121
         421     0.79614    0.771991   0.0134801
         422    0.797855    0.772052   0.0134483
         423    0.799582    0.772118   0.0134167
         424    0.801318    0.772186   0.0133852
         425    0.803059    0.772259   0.0133539
         426    0.804804    0.772335   0.0133228
         427    0.806546    0.772416   0.0132918
         428    0.808283    0.772499   0.0132611
         429    0.810012    0.772587   0.0132304
         430    0.811729    0.772678      0.0132
         431    0.813431    0.772772   0.0131697
         432    0.815115     0.77287   0.0131396
         433    0.816779    0.772972   0.0131096
         434    0.818419    0.773077   0.0130798
         435    0.820034    0.773184   0.0130502
         436    0.821623    0.773296   0.0130207
         437    0.823182     0.77341   0.0129914
         438     0.82471    0.773527   0.0129623
         439    0.826203    0.773647   0.0129333
         440    0.827661     0.77377   0.0129045
         441    0.829082    0.773895   0.0128759
         442    0.830465    0.774023   0.0128474
         443    0.831808    0.774153    0.012819
         444     0.83311    0.774286   0.0127909
         445     0.83437    0.774421   0.0127628
         446    0.835587    0.774558    0.012735
         447     0.83676    0.774698   0.0127072
         448     0.83789    0.774839   0.0126796
         449    0.838975    0.774981   0.0126522
         450    0.840015    0.775126   0.0126249
         451    0.841009    0.775272   0.0125978
         452    0.841956     0.77542   0.0125708
         453    0.842855    0.775568   0.0125439
         454    0.843706    0.775719   0.0125172
         455     0.84451     0.77587   0.0124906
         456    0.845266    0.776022   0.0124641
         457    0.845974    0.776175   0.0124378
         458    0.846633    0.776329   0.0124116
         459    0.847244    0.776483   0.0123855
         460    0.847806    0.776638   0.0123595
         461    0.848319    0.776794   0.0123337
         462    0.848784     0.77695    0.012308
         463    0.849201    0.777106   0.0122824
         464     0.84957    0.777262   0.0122569
         465     0.84989    0.777418   0.0122315
         466     0.85016    0.777574   0.0122063
         467    0.850382     0.77773   0.0121812
         468    0.850554    0.777886   0.0121561
         469    0.850678    0.778041   0.0121312
         470    0.850755    0.778196   0.0121064
         471    0.850782     0.77835   0.0120816
         472    0.850762    0.778503    0.012057
         473    0.850694    0.778656   0.0120325
         474    0.850579    0.778808   0.0120081
         475    0.850417    0.778958   0.0119837
         476    0.850209    0.779108   0.0119595
         477    0.849954    0.779256   0.0119353
         478    0.849652    0.779404   0.0119113
         479    0.849305     0.77955   0.0118873
         480    0.848912    0.779694   0.0118634
         481    0.848475    0.779837   0.0118396
         482    0.847993    0.779979   0.0118159
         483    0.847468    0.780118   0.0117923
         484      0.8469    0.780256   0.0117687
         485     0.84629    0.780392   0.0117452
         486    0.845638    0.780527   0.0117218
         487    0.844946    0.780659   0.0116985
         488    0.844216    0.780789   0.0116753
         489    0.843448    0.780917   0.0116521
         490    0.842644    0.781043    0.011629
         491    0.841804    0.781167    0.011606
         492    0.840931    0.781289    0.011583
         493    0.840027    0.781408   0.0115601
         494    0.839093    0.781524   0.0115373
         495    0.838131    0.781639   0.0115146
         496    0.837144    0.781751   0.0114919
         497    0.836132     0.78186   0.0114693
         498    0.835099    0.781967   0.0114468
         499    0.834046    0.782071   0.0114243
         500    0.832976    0.782173   0.0114019
         501    0.831891    0.782272   0.0113796
         502    0.830794    0.782369   0.0113573
         503    0.829687    0.782463   0.0113351
         504    0.828571    0.782555    0.011313
         505    0.827451    0.782644    0.011291
         506     0.82633     0.78273    0.011269
         507     0.82521    0.782814   0.0112471
         508    0.824095    0.782895   0.0112252
         509    0.822988    0.782974   0.0112034
         510    0.821891     0.78305   0.0111817
         511    0.820808    0.783124   0.0111601
         512     0.81974    0.783195   0.0111385
         513    0.818693    0.783265    0.011117
         514    0.817667    0.783332   0.0110956
         515    0.816667    0.783396   0.0110742
         516    0.815696    0.783459    0.011053
         517    0.814756    0.783519   0.0110317
         518    0.813851    0.783578   0.0110106
         519    0.812984    0.783635   0.0109895
         520    0.812157    0.783689   0.0109685
         521    0.811374    0.783743   0.0109476
         522    0.810636    0.783794   0.0109268
         523    0.809946    0.783844    0.010906
         524    0.809306    0.783893   0.0108853
         525    0.808719     0.78394   0.0108646
         526    0.808187    0.783986   0.0108441
         527    0.807711    0.784031   0.0108236
         528    0.807295    0.784075   0.0108032
         529    0.806941    0.784118   0.0107829
         530    0.806649    0.784161   0.0107626
         531    0.806421    0.784203   0.0107424
         532    0.806259    0.784244   0.0107223
         533    0.806163    0.784285   0.0107023
         534    0.806135    0.784326   0.0106823
         535    0.806175    0.784367   0.0106624
         536    0.806284    0.784408   0.0106426
         537    0.806463    0.784449   0.0106229
         538    0.806713    0.784491   0.0106032
         539    0.807033    0.784532   0.0105836
         540    0.807423    0.784575   0.0105641
         541    0.807882    0.784618   0.0105446
         542    0.808411    0.784662   0.0105253
         543    0.809009    0.784707    0.010506
         544    0.809675    0.784752   0.0104868
         545    0.810408      0.7848   0.0104676
         546    0.811207    0.784848   0.0104486
         547    0.812072    0.784898   0.0104296
         548       0.813    0.784949   0.0104107
         549     0.81399    0.785002   0.0103919
         550     0.81504    0.785056   0.0103731
         551    0.816148    0.785113   0.0103544
         552    0.817314    0.785171   0.0103359
         553    0.818534    0.785232   0.0103173
         554    0.819807    0.785294   0.0102989
         555    0.821131    0.785359   0.0102806
         556    0.822503    0.785425   0.0102623
         557    0.823921    0.785494   0.0102441
         558    0.825381    0.785566    0.010226
         559    0.826881     0.78564    0.010208
         560     0.82842    0.785716     0.01019
         561    0.829994    0.785795   0.0101722
         562    0.831601    0.785877   0.0101544
         563    0.833237    0.785961   0.0101367
         564    0.834899    0.786048   0.0101191
         565    0.836587    0.786137   0.0101016
         566    0.838295    0.786229   0.0100841
         567    0.840022    0.786324   0.0100668
         568    0.841766    0.786422   0.0100496
         569    0.843524    0.786522   0.0100324
         570    0.845293    0.786625   0.0100153
         571     0.84707    0.786731  0.00999835
         572    0.848853     0.78684  0.00998146
         573    0.850639    0.786951  0.00996466
         574    0.852426    0.787065  0.00994795
         575    0.854212    0.787182  0.00993133
         576    0.855994    0.787301  0.00991481
         577     0.85777    0.787423  0.00989838
         578    0.859537    0.787548  0.00988204
         579    0.861294    0.787676  0.00986579
         580    0.863039    0.787805  0.00984964
         581    0.864771    0.787938  0.00983358
         582    0.866487    0.788073  0.00981761
         583    0.868186     0.78821  0.00980173
         584    0.869867     0.78835  0.00978594
         585    0.871526    0.788492  0.00977025
         586    0.873163    0.788637  0.00975464
         587    0.874774    0.788784  0.00973913
         588    0.876361    0.788932  0.00972371
         589    0.877921    0.789084  0.00970837
         590    0.879454    0.789237  0.00969312
         591    0.880959    0.789392  0.00967796
         592    0.882435    0.789549  0.00966289
         593    0.883881    0.789708  0.00964791
         594    0.885296    0.789869  0.00963301
         595    0.886678    0.790032  0.00961819
         596    0.888029    0.790196  0.00960346
         597    0.889346    0.790362  0.00958881
         598    0.890629     0.79053  0.00957424
         599    0.891878    0.790699  0.00955975
         600    0.893091     0.79087  0.00954534
         601     0.89427    0.791042  0.00953101
         602    0.895414    0.791215  0.00951675
         603    0.896523     0.79139  0.00950257
         604    0.897597    0.791566  0.00948847
         605    0.898636    0.791743  0.00947443
         606    0.899639    0.791921  0.00946047
         607    0.900607      0.7921  0.00944658
         608    0.901539     0.79228  0.00943276
         609    0.902438    0.792461    0.009419
         610    0.903302    0.792642  0.00940532
         611    0.904134    0.792825  0.00939169
         612     0.90493    0.793008  0.00937813
         613     0.90569    0.793192  0.00936463
         614    0.906416    0.793376   0.0093512
         615    0.907109    0.793561  0.00933782
         616    0.907766    0.793747   0.0093245
         617    0.908391    0.793932  0.00931124
         618    0.908983    0.794119  0.00929804
         619    0.909541    0.794305  0.00928488
         620    0.910067    0.794492  0.00927179
         621     0.91056    0.794679  0.00925874
         622    0.911021    0.794866  0.00924574
         623    0.911447    0.795053   0.0092328
         624     0.91184     0.79524   0.0092199
         625      0.9122    0.795427  0.00920704
         626    0.912527    0.795614  0.00919424
         627    0.912821    0.795801  0.00918147
         628    0.913082    0.795988  0.00916875
         629    0.913311    0.796174  0.00915607
         630    0.913507    0.796361  0.00914343
         631     0.91367    0.796547  0.00913083
         632      0.9138    0.796732  0.00911827
         633    0.913898    0.796917  0.00910574
         634    0.913962    0.797102  0.00909325
         635    0.913993    0.797286  0.00908079
         636    0.913992    0.797469  0.00906837
         637    0.913957    0.797652  0.00905598
         638    0.913889    0.797834  0.00904362
         639    0.913788    0.798016  0.00903128
         640    0.913654    0.798197  0.00901898
         641    0.913487    0.798376   0.0090067
         642    0.913286    0.798555  0.00899445
         643    0.913053    0.798733  0.00898223
         644    0.912785    0.798911  0.00897002
         645    0.912483    0.799087  0.00895784
         646    0.912145    0.799262  0.00894569
         647    0.911774    0.799436  0.00893355
         648    0.911368    0.799608  0.00892143
         649    0.910925     0.79978  0.00890934
         650    0.910448     0.79995  0.00889726
         651    0.909935    0.800119  0.00888519
         652    0.909386    0.800287  0.00887315
         653    0.908802    0.800453  0.00886111
         654    0.908183    0.800618   0.0088491
         655    0.907527    0.800781  0.00883709
         656    0.906836    0.800942   0.0088251
         657    0.906108    0.801102  0.00881312
         658    0.905345    0.801261  0.00880115
         659    0.904545    0.801418  0.00878919
         660     0.90371    0.801573  0.00877724
         661    0.902838    0.801726   0.0087653
         662     0.90193    0.801877  0.00875336
         663    0.900986    0.802027  0.00874144
         664    0.900006    0.802174  0.00872952
         665    0.898991     0.80232   0.0087176
         666     0.89794    0.802463   0.0087057
         667    0.896855    0.802605  0.00869379
         668    0.895737    0.802744   0.0086819
         669    0.894586    0.802882     0.00867
         670    0.893402    0.803017  0.00865812
         671    0.892186     0.80315  0.00864623
         672    0.890939     0.80328  0.00863435
         673    0.889662    0.803409  0.00862248
         674    0.888355    0.803535  0.00861061
         675    0.887021    0.803658  0.00859874
         676    0.885662     0.80378  0.00858687
         677    0.884278    0.803899  0.00857501
         678    0.882871    0.804015  0.00856316
         679    0.881441    0.804129   0.0085513
         680     0.87999    0.804241  0.00853946
         681     0.87852     0.80435  0.00852761
         682     0.87703    0.804456  0.00851578
         683    0.875525     0.80456  0.00850394
         684    0.874004    0.804662  0.00849212
         685    0.872471    0.804761   0.0084803
         686    0.870927    0.804857  0.00846848
         687    0.869374    0.804951  0.00845668
         688    0.867815    0.805043  0.00844488
         689    0.866251    0.805131  0.00843309
         690    0.864683    0.805218  0.00842131
         691    0.863115    0.805301  0.00840954
         692    0.861548    0.805383  0.00839778
         693    0.859984    0.805462  0.00838603
         694    0.858424    0.805538  0.00837429
         695     0.85687    0.805612  0.00836257
         696    0.855325    0.805683  0.00835086
         697     0.85379    0.805752  0.00833916
         698    0.852267    0.805819  0.00832748
         699    0.850757    0.805883  0.00831582
         700    0.849263    0.805945  0.00830417
         701    0.847786    0.806005  0.00829254
         702    0.846327    0.806062  0.00828092
         703    0.844888    0.806117  0.00826933
         704    0.843468     0.80617  0.00825775
         705    0.842069    0.806221   0.0082462
         706    0.840693     0.80627  0.00823466
         707    0.839339    0.806317  0.00822315
         708     0.83801    0.806362  0.00821165
         709    0.836706    0.806405  0.00820018
         710    0.835427    0.806445  0.00818874
         711    0.834174    0.806484  0.00817731
         712    0.832946    0.806522  0.00816591
         713    0.831743    0.806557  0.00815453
         714    0.830566    0.806591  0.00814318
         715    0.829413    0.806623  0.00813186
         716    0.828284    0.806653  0.00812055
         717    0.827179    0.806681  0.00810928
         718    0.826097    0.806708  0.00809803
         719    0.825038    0.806734  0.00808681
         720    0.824001    0.806758  0.00807561
         721    0.822985     0.80678  0.00806444
         722    0.821989    0.806801   0.0080533
         723    0.821012    0.806821  0.00804219
         724    0.820053    0.806839   0.0080311
         725    0.819111    0.806856  0.00802004
         726    0.818184    0.806872  0.00800901
         727    0.817271    0.806886    0.007998
         728    0.816371    0.806899  0.00798703
         729    0.815482    0.806911  0.00797608
         730    0.814602    0.806922  0.00796516
         731    0.813731    0.806931  0.00795427
         732    0.812865    0.806939  0.00794341
         733    0.812003    0.806946  0.00793257
         734    0.811144    0.806952  0.00792177
         735    0.810285    0.806956  0.00791099
         736    0.809426     0.80696  0.00790024
         737    0.808565    0.806962  0.00788953
         738      0.8077    0.806963  0.00787883
         739     0.80683    0.806963  0.00786817
         740    0.805955    0.806961  0.00785754
         741    0.805072    0.806959  0.00784694
         742     0.80418    0.806955  0.00783636
         743    0.803277     0.80695  0.00782582
         744    0.802362    0.806944   0.0078153
         745    0.801434    0.806936  0.00780481
         746    0.800491    0.806928  0.00779436
         747    0.799533    0.806918  0.00778393
         748    0.798559    0.806907  0.00777353
         749    0.797568    0.806894  0.00776316
         750    0.796559     0.80688  0.00775282
         751    0.795531    0.806865  0.00774251
         752    0.794483    0.806849  0.00773224
         753    0.793416    0.806831  0.00772199
         754    0.792329    0.806812  0.00771177
         755    0.791222    0.806791  0.00770158
         756    0.790093    0.806769  0.00769143
         757    0.788943    0.806745   0.0076813
         758    0.787771     0.80672  0.00767121
         759    0.786578    0.806694  0.00766115
         760    0.785364    0.806666  0.00765112
         761    0.784128    0.806636  0.00764112
         762    0.782871    0.806605  0.00763116
         763    0.781592    0.806572  0.00762123
         764    0.780293    0.806538  0.00761133
         765    0.778974    0.806502  0.00760147
         766    0.777634    0.806464  0.00759164
         767    0.776275    0.806425  0.00758184
         768    0.774896    0.806384  0.00757208
         769    0.773498    0.806341  0.00756235
         770    0.772084    0.806296  0.00755266
         771    0.770653     0.80625  0.00754301
         772    0.769206    0.806202  0.00753339
         773    0.767744    0.806152  0.00752381
         774    0.766269    0.806101  0.00751427
         775    0.764782    0.806048  0.00750476
         776    0.763285    0.805993  0.00749529
         777    0.761778    0.805936  0.00748586
         778    0.760263    0.805877  0.00747647
         779    0.758744    0.805816  0.00746712
         780    0.757219    0.805754   0.0074578
         781    0.755691     0.80569  0.00744853
         782    0.754162    0.805624   0.0074393
         783    0.752632    0.805556   0.0074301
         784    0.751104    0.805487  0.00742095
         785    0.749581    0.805416  0.00741184
         786    0.748062    0.805343  0.00740277
         787     0.74655    0.805268  0.00739374
         788    0.745047    0.805192  0.00738475
         789    0.743553    0.805114   0.0073758
         790    0.742072    0.805034   0.0073669
         791    0.740606    0.804952  0.00735804
         792    0.739156    0.804869  0.00734921
         793    0.737725    0.804785  0.00734043
         794    0.736314    0.804698   0.0073317
         795    0.734925    0.804611    0.007323
         796    0.733558    0.804521  0.00731434
         797    0.732218    0.804431  0.00730573
         798    0.730905    0.804338  0.00729715
         799    0.729622    0.804245  0.00728862
         800    0.728371     0.80415  0.00728013
         801    0.727153    0.804054  0.00727167
         802     0.72597    0.803957  0.00726326
         803    0.724824    0.803858  0.00725488
         804    0.723717    0.803758  0.00724654
         805    0.722649    0.803658  0.00723824
         806    0.721623    0.803556  0.00722998
         807    0.720641    0.803453  0.00722175
         808    0.719704    0.803349  0.00721355
         809    0.718814    0.803245  0.00720539
         810    0.717972     0.80314  0.00719727
         811    0.717181    0.803034  0.00718917
         812    0.716441    0.802927  0.00718111
         813    0.715755     0.80282  0.00717308
         814    0.715123    0.802712  0.00716507
         815    0.714548    0.802604   0.0071571
         816     0.71403    0.802495  0.00714915
         817     0.71357    0.802387  0.00714123
         818    0.713169    0.802277  0.00713333
         819    0.712828    0.802168  0.00712546
         820    0.712549    0.802059  0.00711761
         821    0.712332     0.80195  0.00710978
         822    0.712177     0.80184  0.00710197
         823    0.712087    0.801731  0.00709417
         824    0.712062    0.801623   0.0070864
         825      0.7121    0.801514  0.00707864
         826    0.712202    0.801406   0.0070709
         827    0.712369    0.801298  0.00706317
         828    0.712601    0.801191  0.00705545
         829    0.712898    0.801085  0.00704774
         830    0.713259    0.800979  0.00704004
         831    0.713686    0.800874  0.00703236
         832    0.714178     0.80077  0.00702467
         833    0.714734    0.800666    0.007017
         834    0.715355    0.800564  0.00700933
         835     0.71604    0.800463  0.00700167
         836    0.716787    0.800363  0.00699401
         837    0.717595    0.800264  0.00698635
         838    0.718465    0.800166   0.0069787
         839    0.719395     0.80007  0.00697104
         840    0.720385    0.799975  0.00696339
         841    0.721432    0.799882  0.00695574
         842    0.722533     0.79979  0.00694808
         843    0.723689      0.7997  0.00694043
         844    0.724897    0.799611  0.00693277
         845    0.726154    0.799524  0.00692511
         846    0.727458    0.799439  0.00691745
         847    0.728808    0.799355  0.00690978
         848    0.730201    0.799274  0.00690212
         849    0.731636    0.799194  0.00689445
         850    0.733109    0.799116  0.00688677
         851    0.734619    0.799041   0.0068791
         852    0.736162    0.798967  0.00687142
         853    0.737734    0.798895  0.00686374
         854    0.739333    0.798825  0.00685606
         855    0.740958    0.798758  0.00684837
         856    0.742606    0.798692  0.00684069
         857    0.744273    0.798629    0.006833
         858    0.745958    0.798567  0.00682531
         859    0.747656    0.798508  0.00681762
         860    0.749363    0.798451  0.00680993
         861    0.751077    0.798396  0.00680225
         862    0.752795    0.798343  0.00679456
         863    0.754514    0.798292  0.00678688
         864    0.756231    0.798243   0.0067792
         865    0.757945    0.798197  0.00677152
         866    0.759652    0.798152  0.00676385
         867    0.761349     0.79811  0.00675618
         868    0.763034    0.798069  0.00674852
         869    0.764704    0.798031  0.00674086
         870    0.766357    0.797995  0.00673321
         871    0.767991     0.79796  0.00672557
         872    0.769603    0.797928  0.00671793
         873    0.771193    0.797897  0.00671031
         874    0.772757    0.797868  0.00670269
         875    0.774295    0.797841  0.00669509
         876    0.775805    0.797816  0.00668749
         877    0.777284    0.797793  0.00667991
         878    0.778732    0.797771  0.00667233
         879    0.780148    0.797751  0.00666477
         880    0.781528    0.797733  0.00665722
         881    0.782874    0.797716  0.00664969
         882    0.784183      0.7977  0.00664217
         883    0.785455    0.797686  0.00663466
         884    0.786688    0.797674  0.00662717
         885    0.787882    0.797663  0.00661969
         886    0.789036    0.797653  0.00661222
         887    0.790151    0.797645  0.00660477
         888    0.791226    0.797638  0.00659734
         889    0.792259    0.797631  0.00658992
         890    0.793251    0.797627  0.00658252
         891    0.794199    0.797623  0.00657513
         892    0.795106     0.79762  0.00656776
         893    0.795972    0.797618  0.00656041
         894    0.796796    0.797617  0.00655307
         895    0.797577    0.797617  0.00654575
         896    0.798316    0.797618  0.00653844
         897    0.799012    0.797619  0.00653115
         898    0.799668    0.797622  0.00652388
         899    0.800282    0.797625  0.00651662
         900    0.800854    0.797628  0.00650938
         901    0.801386    0.797632  0.00650216
         902    0.801878    0.797637  0.00649495
         903    0.802329    0.797642  0.00648776
         904    0.802741    0.797648  0.00648059
         905    0.803114    0.797654  0.00647343
         906    0.803446     0.79766  0.00646629
         907     0.80374    0.797667  0.00645916
         908    0.803996    0.797674  0.00645205
         909    0.804214    0.797681  0.00644496
         910    0.804395    0.797689  0.00643788
         911    0.804541    0.797696  0.00643082
         912    0.804651    0.797704  0.00642377
         913    0.804726    0.797711  0.00641674
         914    0.804768    0.797719  0.00640972
         915    0.804776    0.797727  0.00640272
         916    0.804753    0.797735  0.00639574
         917    0.804699    0.797742  0.00638877
         918    0.804614     0.79775  0.00638181
         919      0.8045    0.797757  0.00637487
         920    0.804359    0.797764  0.00636795
         921     0.80419    0.797771  0.00636104
         922    0.803994    0.797778  0.00635414
         923    0.803773    0.797784  0.00634726
         924    0.803527    0.797791   0.0063404
         925    0.803259    0.797797  0.00633354
         926    0.802969    0.797802  0.00632671
         927    0.802658    0.797807  0.00631988
         928    0.802327    0.797812  0.00631308
         929    0.801978    0.797817  0.00630628
         930    0.801612    0.797821   0.0062995
         931     0.80123    0.797824  0.00629274
         932    0.800833    0.797828  0.00628599
         933    0.800423     0.79783  0.00627925
         934    0.799999    0.797833  0.00627253
         935    0.799564    0.797835  0.00626582
         936    0.799119    0.797836  0.00625912
         937    0.798664    0.797837  0.00625244
         938    0.798202    0.797837  0.00624578
         939    0.797734    0.797837  0.00623913
         940     0.79726    0.797837  0.00623249
         941    0.796781    0.797835  0.00622587
         942    0.796299    0.797834  0.00621926
         943    0.795815    0.797832  0.00621266
         944     0.79533    0.797829  0.00620608
         945    0.794844    0.797826  0.00619951
         946    0.794358    0.797822  0.00619296
         947    0.793874    0.797818  0.00618642
         948    0.793392    0.797813   0.0061799
         949    0.792913    0.797808  0.00617339
         950    0.792438    0.797803  0.00616689
         951    0.791967    0.797796  0.00616041
         952    0.791503     0.79779  0.00615395
         953    0.791044    0.797783  0.00614749
         954    0.790591    0.797775  0.00614105
         955    0.790146    0.797767  0.00613463
         956    0.789708    0.797759  0.00612822
         957    0.789276     0.79775  0.00612182
         958    0.788851    0.797741  0.00611544
         959    0.788433    0.797731  0.00610907
         960    0.788022    0.797721  0.00610271
         961    0.787618     0.79771  0.00609637
         962    0.787222    0.797699  0.00609004
         963    0.786834    0.797688  0.00608373
         964    0.786453    0.797676  0.00607743
         965    0.786081    0.797664  0.00607114
         966    0.785716    0.797652  0.00606487
         967    0.785358    0.797639  0.00605861
         968    0.785007    0.797626  0.00605237
         969    0.784662    0.797613  0.00604614
         970    0.784325    0.797599  0.00603992
         971    0.783994    0.797585  0.00603372
         972    0.783669    0.797571  0.00602752
         973    0.783351    0.797556  0.00602135
         974    0.783039    0.797541  0.00601518
         975    0.782731    0.797526  0.00600903
         976    0.782429    0.797511   0.0060029
         977    0.782132    0.797495  0.00599677
         978    0.781839    0.797479  0.00599066
         979     0.78155    0.797463  0.00598457
         980    0.781265    0.797446  0.00597848
         981    0.780984    0.797429  0.00597241
         982    0.780706    0.797412  0.00596635
         983    0.780433    0.797395  0.00596031
         984    0.780162    0.797378  0.00595428
         985    0.779895     0.79736  0.00594826
         986    0.779631    0.797342  0.00594225
         987     0.77937    0.797324  0.00593626
         988    0.779114    0.797305  0.00593028
         989    0.778861    0.797287  0.00592431
         990    0.778611    0.797268  0.00591836
         991    0.778367    0.797249  0.00591242
         992    0.778125    0.797229  0.00590649
         993    0.777888     0.79721  0.00590057
         994    0.777655     0.79719  0.00589467
         995    0.777426     0.79717  0.00588878
         996    0.777203     0.79715   0.0058829
         997    0.776985     0.79713  0.00587704
         998    0.776773     0.79711  0.00587118
         999    0.776568    0.797089  0.00586534
        1000     0.77637    0.797068  0.00585951
        1001     0.77618    0.797047   0.0058537
        1002    0.775997    0.797026  0.00584789
        1003    0.775824    0.797005   0.0058421
        1004    0.775659    0.796984  0.00583632
        1005    0.775504    0.796963  0.00583055
        1006    0.775359    0.796941   0.0058248
        1007    0.775225     0.79692  0.00581905
        1008    0.775103    0.796898  0.00581332
        1009    0.774994    0.796876   0.0058076
        1010    0.774898    0.796855  0.00580189
        1011    0.774817    0.796833  0.00579619
        1012    0.774752    0.796811   0.0057905
        1013    0.774703    0.796789  0.00578483
        1014     0.77467    0.796767  0.00577916
        1015    0.774655    0.796745  0.00577351
        1016    0.774658    0.796724  0.00576787
        1017    0.774681    0.796702  0.00576224
        1018    0.774725     0.79668  0.00575662
        1019    0.774789    0.796659  0.00575101
        1020    0.774878    0.796638  0.00574541
        1021    0.774991    0.796616  0.00573982
        1022    0.775128    0.796595  0.00573425
        1023     0.77529    0.796575  0.00572868
        1024    0.775477    0.796554  0.00572312
        1025     0.77569    0.796534  0.00571757
        1026    0.775929    0.796514  0.00571204
        1027    0.776197    0.796494  0.00570651
        1028    0.776494    0.796474  0.00570099
        1029    0.776821    0.796455  0.00569548
        1030    0.777177    0.796437  0.00568998
        1031    0.777562    0.796418  0.00568449
        1032    0.777976      0.7964  0.00567901
        1033    0.778418    0.796383  0.00567354
        1034     0.77889    0.796366  0.00566808
        1035    0.779392     0.79635  0.00566263
        1036    0.779921    0.796334  0.00565719
        1037    0.780478    0.796318  0.00565175
        1038    0.781062    0.796304  0.00564632
        1039    0.781673     0.79629  0.00564091
        1040     0.78231    0.796276   0.0056355
        1041    0.782973    0.796263   0.0056301
        1042    0.783661    0.796251  0.00562471
        1043    0.784371     0.79624  0.00561933
        1044    0.785103    0.796229  0.00561396
        1045    0.785854    0.796219  0.00560859
        1046    0.786624     0.79621  0.00560324
        1047    0.787412    0.796202  0.00559789
        1048    0.788215    0.796194  0.00559256
        1049    0.789032    0.796187  0.00558723
        1050     0.78986    0.796181  0.00558191
        1051    0.790698    0.796176   0.0055766
        1052    0.791543    0.796172   0.0055713
        1053    0.792395    0.796168  0.00556601
        1054     0.79325    0.796165  0.00556073
        1055    0.794106    0.796163  0.00555546
        1056    0.794962    0.796162   0.0055502
        1057    0.795815    0.796162  0.00554495
        1058    0.796662    0.796162  0.00553971
        1059      0.7975    0.796164  0.00553448
        1060    0.798329    0.796166  0.00552926
        1061    0.799145    0.796169  0.00552405
        1062    0.799947    0.796172  0.00551885
        1063    0.800731    0.796176  0.00551366
        1064    0.801496    0.796181  0.00550848
        1065     0.80224    0.796187  0.00550331
        1066    0.802961    0.796193  0.00549815
        1067    0.803658      0.7962    0.005493
        1068    0.804327    0.796208  0.00548786
        1069    0.804967    0.796216  0.00548274
        1070    0.805575    0.796225  0.00547762
        1071    0.806149    0.796234  0.00547251
        1072    0.806689    0.796244  0.00546742
        1073    0.807193    0.796254  0.00546233
        1074    0.807659    0.796265  0.00545726
        1075    0.808085    0.796276  0.00545219
        1076    0.808471    0.796287  0.00544713
        1077    0.808816    0.796299  0.00544209
        1078    0.809118    0.796311  0.00543705
        1079    0.809375    0.796323  0.00543203
        1080    0.809587    0.796335  0.00542701
        1081    0.809753    0.796347  0.00542201
        1082    0.809871     0.79636  0.00541701
        1083    0.809941    0.796372  0.00541202
        1084    0.809963    0.796385  0.00540704
        1085    0.809936    0.796398  0.00540208
        1086    0.809862     0.79641  0.00539712
        1087    0.809737    0.796422  0.00539216
        1088    0.809562    0.796434  0.00538722
        1089    0.809337    0.796446  0.00538229
        1090    0.809061    0.796458  0.00537736
        1091    0.808735    0.796469  0.00537245
        1092    0.808359     0.79648  0.00536754
        1093    0.807933     0.79649  0.00536264
        1094    0.807456      0.7965  0.00535774
        1095    0.806929     0.79651  0.00535286
        1096    0.806353    0.796519  0.00534798
        1097    0.805727    0.796527  0.00534311
        1098    0.805053    0.796535  0.00533825
        1099    0.804333    0.796542   0.0053334
        1100    0.803567    0.796548  0.00532856
        1101    0.802756    0.796554  0.00532372
        1102    0.801901    0.796559  0.00531889
        1103    0.801002    0.796563  0.00531407
        1104     0.80006    0.796566  0.00530926
        1105    0.799077    0.796568  0.00530445
        1106    0.798054     0.79657  0.00529966
        1107    0.796993     0.79657  0.00529487
        1108    0.795894     0.79657  0.00529009
        1109     0.79476    0.796568  0.00528532
        1110    0.793593    0.796565  0.00528056
        1111    0.792393    0.796561  0.00527581
        1112    0.791162    0.796557  0.00527107
        1113    0.789904    0.796551  0.00526633
        1114    0.788619    0.796544  0.00526161
        1115    0.787311    0.796535   0.0052569
        1116    0.785982    0.796526   0.0052522
        1117    0.784633    0.796515  0.00524751
        1118    0.783267    0.796503  0.00524283
        1119    0.781886     0.79649  0.00523816
        1120    0.780492    0.796476   0.0052335
        1121    0.779088     0.79646  0.00522885
        1122    0.777676    0.796444  0.00522422
        1123    0.776259    0.796426   0.0052196
        1124    0.774839    0.796407  0.00521499
        1125    0.773419    0.796386  0.00521039
        1126    0.772001    0.796364  0.00520581
        1127     0.77059    0.796342  0.00520124
        1128    0.769187    0.796317  0.00519669
        1129    0.767796    0.796292  0.00519215
        1130     0.76642    0.796266  0.00518762
        1131    0.765062    0.796238  0.00518311
        1132    0.763723    0.796209  0.00517861
        1133    0.762408     0.79618  0.00517412
        1134    0.761119    0.796149  0.00516965
        1135    0.759859    0.796117   0.0051652
        1136    0.758631    0.796084  0.00516075
        1137    0.757437     0.79605  0.00515633
        1138    0.756281    0.796015  0.00515191
        1139    0.755167    0.795979  0.00514752
        1140    0.754096    0.795942  0.00514313
        1141     0.75307    0.795905  0.00513876
        1142    0.752093    0.795866   0.0051344
        1143    0.751167    0.795827  0.00513006
        1144    0.750293    0.795787  0.00512573
        1145    0.749475    0.795747  0.00512141
        1146    0.748715    0.795706  0.00511711
        1147    0.748015    0.795664  0.00511282
        1148    0.747377    0.795622  0.00510854
        1149    0.746804     0.79558  0.00510427
        1150    0.746296    0.795537  0.00510001
        1151    0.745857    0.795494  0.00509576
        1152    0.745488     0.79545  0.00509152
        1153    0.745191    0.795407  0.00508729
        1154    0.744965    0.795363  0.00508307
        1155    0.744814    0.795319  0.00507886
        1156    0.744738    0.795275  0.00507465
        1157    0.744738    0.795232  0.00507046
        1158    0.744813    0.795188  0.00506627
        1159    0.744966    0.795145  0.00506208
        1160    0.745196    0.795102   0.0050579
        1161    0.745504    0.795059  0.00505372
        1162     0.74589    0.795017  0.00504955
        1163    0.746354    0.794975  0.00504538
        1164    0.746896    0.794934  0.00504122
        1165    0.747516    0.794893  0.00503705
        1166    0.748214    0.794853  0.00503289
        1167    0.748987    0.794814  0.00502873
        1168    0.749837    0.794775  0.00502458
        1169    0.750762    0.794737  0.00502042
        1170    0.751761    0.794701  0.00501626
        1171    0.752832    0.794665  0.00501211
        1172    0.753976     0.79463  0.00500795
        1173     0.75519    0.794597  0.00500379
        1174    0.756473    0.794564  0.00499964
        1175    0.757823    0.794533  0.00499548
        1176    0.759239    0.794503  0.00499132
        1177    0.760718    0.794474  0.00498716
        1178    0.762258    0.794447    0.004983
        1179    0.763857    0.794421  0.00497885
        1180    0.765513    0.794396  0.00497469
        1181    0.767222    0.794373  0.00497053
        1182    0.768983    0.794352  0.00496637
        1183    0.770792    0.794332  0.00496221
        1184    0.772647    0.794314  0.00495805
        1185    0.774546    0.794297   0.0049539
        1186    0.776485    0.794282  0.00494974
        1187    0.778462    0.794269  0.00494559
        1188    0.780474    0.794257  0.00494144
        1189    0.782518    0.794247   0.0049373
        1190    0.784593    0.794239  0.00493315
        1191    0.786693    0.794233  0.00492902
        1192    0.788818    0.794228  0.00492488
        1193    0.790962    0.794225  0.00492075
        1194    0.793123    0.794225  0.00491663
        1195    0.795297    0.794225  0.00491252
        1196     0.79748    0.794228  0.00490841
        1197    0.799671    0.794233  0.00490431
        1198    0.801867    0.794239  0.00490022
        1199    0.804063    0.794247  0.00489614
        1200    0.806258    0.794257  0.00489207
        1201    0.808448    0.794269  0.00488802
        1202     0.81063    0.794283  0.00488397
        1203    0.812801    0.794298  0.00487993
        1204    0.814959    0.794315  0.00487591
        1205    0.817099    0.794334   0.0048719
        1206     0.81922    0.794355   0.0048679
        1207    0.821319    0.794377  0.00486392
        1208    0.823393    0.794401  0.00485995
        1209     0.82544    0.794427    0.004856
        1210    0.827457    0.794454  0.00485207
        1211     0.82944    0.794483  0.00484815
        1212    0.831387    0.794513  0.00484424
        1213    0.833296    0.794545  0.00484035
        1214    0.835164    0.794579  0.00483648
        1215    0.836989    0.794614  0.00483263
        1216    0.838769     0.79465  0.00482879
        1217    0.840502    0.794688  0.00482497
        1218    0.842186    0.794727  0.00482116
        1219     0.84382    0.794767  0.00481738
        1220      0.8454    0.794809  0.00481361
        1221    0.846925    0.794851  0.00480985
        1222    0.848395    0.794895  0.00480612
        1223    0.849808     0.79494   0.0048024
        1224    0.851163    0.794986  0.00479869
        1225    0.852457    0.795033  0.00479501
        1226     0.85369    0.795081  0.00479133
        1227    0.854861    0.795129  0.00478768
        1228    0.855969    0.795179  0.00478403
        1229    0.857013    0.795229  0.00478041
        1230    0.857994     0.79528  0.00477679
        1231     0.85891    0.795332  0.00477319
        1232    0.859764    0.795384   0.0047696
        1233    0.860554    0.795437  0.00476603
        1234    0.861281     0.79549  0.00476246
        1235    0.861943    0.795544  0.00475891
        1236     0.86254    0.795598  0.00475537
        1237    0.863073    0.795653  0.00475184
        1238    0.863545    0.795708  0.00474832
        1239    0.863954    0.795763   0.0047448
        1240    0.864302    0.795818   0.0047413
        1241     0.86459    0.795874   0.0047378
        1242    0.864818    0.795929  0.00473431
        1243    0.864988    0.795985  0.00473083
        1244    0.865102     0.79604  0.00472735
        1245    0.865163    0.796096  0.00472388
        1246     0.86517    0.796151  0.00472042
        1247    0.865127    0.796207  0.00471696
        1248    0.865034    0.796262   0.0047135
        1249    0.864896    0.796317  0.00471004
        1250    0.864713    0.796371  0.00470659
        1251    0.864487    0.796426  0.00470315
        1252    0.864223     0.79648   0.0046997
        1253    0.863922    0.796534  0.00469626
        1254    0.863588    0.796587  0.00469282
        1255    0.863222     0.79664  0.00468938
        1256    0.862827    0.796693  0.00468594
        1257    0.862406    0.796745  0.00468251
        1258    0.861961    0.796797  0.00467907
        1259    0.861494    0.796849  0.00467564
        1260     0.86101    0.796899   0.0046722
        1261     0.86051     0.79695  0.00466877
        1262    0.859999       0.797  0.00466534
        1263    0.859479    0.797049  0.00466191
        1264    0.858955    0.797098  0.00465848
        1265    0.858427    0.797147  0.00465505
        1266    0.857899    0.797195  0.00465162
        1267    0.857374    0.797242  0.00464819
        1268    0.856855    0.797289  0.00464476
        1269    0.856344    0.797336  0.00464133
        1270    0.855843    0.797382  0.00463791
        1271    0.855357    0.797428  0.00463448
        1272    0.854886    0.797473  0.00463106
        1273    0.854433    0.797517  0.00462764
        1274    0.853999    0.797562  0.00462422
        1275    0.853587    0.797606   0.0046208
        1276      0.8532    0.797649  0.00461738
        1277    0.852841    0.797692  0.00461397
        1278    0.852511    0.797735  0.00461056
        1279    0.852211    0.797778  0.00460715
        1280    0.851943     0.79782  0.00460374
        1281     0.85171    0.797862  0.00460034
        1282    0.851513    0.797904  0.00459695
        1283    0.851354    0.797946  0.00459355
        1284    0.851233    0.797987  0.00459016
        1285    0.851152    0.798029  0.00458678
        1286    0.851111     0.79807  0.00458339
        1287    0.851111    0.798111  0.00458002
        1288    0.851153    0.798152  0.00457665
        1289    0.851238    0.798194  0.00457328
        1290    0.851365    0.798235  0.00456992
        1291    0.851536    0.798276  0.00456657
        1292    0.851749    0.798318  0.00456322
        1293    0.852007    0.798359  0.00455988
        1294    0.852309    0.798401  0.00455655
        1295    0.852653    0.798443  0.00455322
        1296    0.853039    0.798485   0.0045499
        1297    0.853468    0.798527  0.00454659
        1298    0.853938     0.79857  0.00454329
        1299    0.854449    0.798613     0.00454
        1300    0.855002    0.798656  0.00453671
        1301    0.855595      0.7987  0.00453344
        1302    0.856226    0.798744  0.00453017
        1303    0.856895    0.798789  0.00452691
        1304      0.8576    0.798834  0.00452367
        1305    0.858337    0.798879  0.00452043
        1306    0.859105    0.798926   0.0045172
        1307    0.859903    0.798972  0.00451399
        1308    0.860728    0.799019  0.00451078
        1309    0.861579    0.799067  0.00450759
        1310    0.862453    0.799116  0.00450441
        1311    0.863349    0.799165  0.00450124
        1312    0.864265    0.799214  0.00449808
        1313    0.865197    0.799265  0.00449494
        1314    0.866142    0.799315  0.00449181
        1315    0.867099    0.799367  0.00448869
        1316    0.868064    0.799419  0.00448558
        1317    0.869034    0.799472  0.00448248
        1318    0.870007    0.799526   0.0044794
        1319     0.87098     0.79958  0.00447633
        1320    0.871951    0.799635  0.00447328
        1321    0.872918     0.79969  0.00447024
        1322    0.873877    0.799746  0.00446721
        1323    0.874826    0.799803  0.00446419
        1324    0.875761     0.79986  0.00446119
        1325     0.87668    0.799918   0.0044582
        1326     0.87758    0.799977  0.00445522
        1327    0.878458    0.800036  0.00445226
        1328    0.879312    0.800096   0.0044493
        1329     0.88014    0.800156  0.00444636
        1330    0.880939    0.800217  0.00444343
        1331    0.881708    0.800278  0.00444052
        1332    0.882442     0.80034  0.00443761
        1333     0.88314    0.800402  0.00443472
        1334    0.883799    0.800464  0.00443183
        1335    0.884418    0.800527  0.00442896
        1336    0.884996     0.80059   0.0044261
        1337     0.88553    0.800654  0.00442324
        1338    0.886018    0.800718   0.0044204
        1339    0.886458    0.800782  0.00441756
        1340    0.886848    0.800846  0.00441473
        1341    0.887188     0.80091  0.00441191
        1342    0.887475    0.800975  0.00440909
        1343    0.887709    0.801039  0.00440628
        1344    0.887889    0.801104  0.00440348
        1345    0.888013    0.801169  0.00440068
        1346     0.88808    0.801233  0.00439788
        1347    0.888088    0.801298  0.00439509
        1348    0.888039    0.801362   0.0043923
        1349    0.887931    0.801426  0.00438951
        1350    0.887762     0.80149  0.00438673
        1351    0.887533    0.801554  0.00438394
        1352    0.887244    0.801617  0.00438116
        1353    0.886894     0.80168  0.00437837
        1354    0.886483    0.801743  0.00437559
        1355     0.88601    0.801805   0.0043728
        1356    0.885476    0.801867  0.00437001
        1357    0.884879    0.801928  0.00436722
        1358    0.884221    0.801988  0.00436442
        1359    0.883501    0.802048  0.00436162
        1360    0.882719    0.802108  0.00435882
        1361    0.881877    0.802166  0.00435601
        1362    0.880974    0.802224   0.0043532
        1363    0.880012    0.802281  0.00435038
        1364    0.878992    0.802338  0.00434755
        1365    0.877915    0.802393  0.00434472
        1366     0.87678    0.802447  0.00434188
        1367    0.875588    0.802501  0.00433903
        1368    0.874339    0.802553  0.00433618
        1369    0.873036    0.802605  0.00433332
        1370     0.87168    0.802655  0.00433045
        1371    0.870272    0.802705  0.00432757
        1372    0.868811    0.802753  0.00432468
        1373    0.867299      0.8028  0.00432179
        1374    0.865738    0.802846  0.00431889
        1375    0.864128     0.80289  0.00431597
        1376    0.862471    0.802933  0.00431306
        1377    0.860766    0.802975  0.00431013
        1378    0.859017    0.803016  0.00430719
        1379    0.857224    0.803055  0.00430425
        1380    0.855389    0.803093   0.0043013
        1381    0.853514     0.80313  0.00429834
        1382    0.851599    0.803165  0.00429537
        1383    0.849644    0.803199  0.00429239
        1384    0.847655    0.803231  0.00428941
        1385    0.845631    0.803261  0.00428643
        1386    0.843574     0.80329  0.00428343
        1387    0.841487    0.803318  0.00428043
        1388    0.839369    0.803344  0.00427743
        1389    0.837222    0.803368  0.00427442
        1390    0.835048    0.803391   0.0042714
        1391     0.83285    0.803412  0.00426838
        1392    0.830627    0.803432  0.00426536
        1393    0.828381     0.80345  0.00426234
        1394    0.826115    0.803466  0.00425931
        1395    0.823829    0.803481  0.00425628
        1396    0.821525    0.803494  0.00425325
        1397    0.819205    0.803505  0.00425022
        1398     0.81687    0.803514  0.00424719
        1399    0.814523    0.803522  0.00424417
        1400    0.812165    0.803528  0.00424114
        1401    0.809798    0.803533  0.00423811
        1402    0.807422    0.803536  0.00423509
        1403    0.805039    0.803537  0.00423207
        1404    0.802653    0.803536  0.00422906
        1405    0.800263    0.803534  0.00422605
        1406    0.797871     0.80353  0.00422305
        1407    0.795479    0.803524  0.00422005
        1408    0.793087    0.803517  0.00421706
        1409    0.790698    0.803507  0.00421407
        1410    0.788313    0.803497   0.0042111
        1411    0.785934    0.803484  0.00420813
        1412    0.783562     0.80347  0.00420518
        1413    0.781199    0.803454  0.00420223
        1414    0.778846    0.803437  0.00419929
        1415    0.776505    0.803418  0.00419637
        1416    0.774178    0.803397  0.00419346
        1417    0.771865    0.803375  0.00419056
        1418     0.76957    0.803351  0.00418767
        1419    0.767293    0.803326   0.0041848
        1420    0.765035    0.803299  0.00418194
        1421    0.762799     0.80327  0.00417909
        1422    0.760587     0.80324  0.00417626
        1423    0.758399    0.803209  0.00417344
        1424    0.756238    0.803176  0.00417064
        1425    0.754104    0.803141  0.00416786
        1426       0.752    0.803105  0.00416509
        1427    0.749926    0.803068  0.00416234
        1428    0.747884     0.80303   0.0041596
        1429    0.745876     0.80299  0.00415688
        1430    0.743902    0.802948  0.00415418
        1431    0.741965    0.802906   0.0041515
        1432    0.740066    0.802862  0.00414883
        1433    0.738207    0.802817  0.00414618
        1434    0.736388     0.80277  0.00414355
        1435    0.734612    0.802723  0.00414093
        1436     0.73288    0.802674  0.00413833
        1437    0.731194    0.802624  0.00413575
        1438    0.729554    0.802574  0.00413319
        1439    0.727963    0.802522  0.00413064
        1440    0.726423    0.802469  0.00412811
        1441    0.724933    0.802415   0.0041256
        1442    0.723495     0.80236   0.0041231
        1443     0.72211    0.802305  0.00412062
        1444    0.720779    0.802248  0.00411815
        1445    0.719503    0.802191   0.0041157
        1446    0.718284    0.802133  0.00411326
        1447    0.717124    0.802074  0.00411084
        1448    0.716023    0.802015  0.00410843
        1449    0.714982    0.801955  0.00410603
        1450    0.714002    0.801894  0.00410365
        1451    0.713084    0.801833  0.00410128
        1452    0.712228    0.801771  0.00409892
        1453    0.711436    0.801709  0.00409657
        1454    0.710707    0.801646  0.00409423
        1455    0.710043    0.801584   0.0040919
        1456    0.709443     0.80152  0.00408958
        1457    0.708909    0.801457  0.00408726
        1458    0.708439    0.801393  0.00408496
        1459    0.708036    0.801329  0.00408266
        1460    0.707698    0.801265  0.00408037
        1461    0.707427    0.801201  0.00407808
        1462    0.707222    0.801136   0.0040758
        1463    0.707082    0.801072  0.00407352
        1464    0.707007    0.801008  0.00407124
        1465    0.706998    0.800944  0.00406897
        1466    0.707053    0.800879   0.0040667
        1467    0.707174    0.800816  0.00406443
        1468    0.707358    0.800752  0.00406216
        1469    0.707606    0.800689  0.00405989
        1470    0.707916    0.800625  0.00405762
        1471    0.708289    0.800563  0.00405534
        1472    0.708722      0.8005  0.00405307
        1473    0.709215    0.800438  0.00405079
        1474    0.709768    0.800377  0.00404851
        1475    0.710378    0.800316  0.00404622
        1476    0.711046    0.800255  0.00404393
        1477     0.71177    0.800195  0.00404164
        1478    0.712551    0.800136  0.00403934
        1479    0.713385    0.800077  0.00403703
        1480    0.714273    0.800019  0.00403472
        1481    0.715212    0.799962  0.00403241
        1482    0.716201    0.799906  0.00403008
        1483    0.717238     0.79985  0.00402775
        1484    0.718323    0.799795  0.00402541
        1485    0.719453    0.799741  0.00402306
        1486    0.720627    0.799688  0.00402071
        1487    0.721845    0.799635  0.00401834
        1488    0.723105    0.799584  0.00401597
        1489    0.724404    0.799533  0.00401359
        1490    0.725742    0.799484   0.0040112
        1491    0.727117    0.799435  0.00400881
        1492    0.728527    0.799388   0.0040064
        1493    0.729971    0.799341  0.00400399
        1494    0.731448    0.799296  0.00400157
        1495    0.732957    0.799251  0.00399914
        1496    0.734498    0.799208   0.0039967
        1497    0.736067    0.799166  0.00399425
        1498    0.737665    0.799125  0.00399179
        1499    0.739289    0.799085  0.00398933
        1500    0.740939    0.799046  0.00398686
        1501    0.742612    0.799009  0.00398438
        1502    0.744308    0.798972  0.00398189
        1503    0.746026    0.798937   0.0039794
        1504    0.747764    0.798903   0.0039769
        1505    0.749522     0.79887  0.00397439
        1506    0.751298    0.798839  0.00397188
        1507    0.753091    0.798808  0.00396936
        1508    0.754901    0.798779  0.00396684
        1509    0.756725    0.798751   0.0039643
        1510    0.758563    0.798725  0.00396177
        1511    0.760413    0.798699  0.00395923
        1512    0.762276    0.798675  0.00395668
        1513     0.76415    0.798652  0.00395413
        1514    0.766033    0.798631  0.00395158
        1515    0.767926    0.798611  0.00394902
        1516    0.769825    0.798592  0.00394646
        1517     0.77173    0.798574   0.0039439
        1518    0.773639    0.798557  0.00394134
        1519    0.775552    0.798542  0.00393877
        1520    0.777467    0.798528  0.00393621
        1521    0.779382    0.798516  0.00393364
        1522    0.781298    0.798505  0.00393107
        1523    0.783211    0.798494   0.0039285
        1524    0.785122    0.798486  0.00392593
        1525     0.78703    0.798478  0.00392337
        1526    0.788932    0.798472   0.0039208
        1527    0.790826    0.798467  0.00391824
        1528    0.792712    0.798463  0.00391567
        1529    0.794587    0.798461  0.00391311
        1530    0.796452    0.798459  0.00391056
        1531    0.798302    0.798459    0.003908
        1532    0.800137     0.79846  0.00390545
        1533    0.801954    0.798463   0.0039029
        1534    0.803753    0.798466  0.00390036
        1535    0.805533    0.798471  0.00389782
        1536    0.807292    0.798476  0.00389529
        1537    0.809027    0.798483  0.00389276
        1538    0.810738    0.798491  0.00389024
        1539    0.812422      0.7985  0.00388772
        1540    0.814078     0.79851  0.00388521
        1541    0.815705    0.798522  0.00388271
        1542      0.8173    0.798534  0.00388021
        1543    0.818862    0.798547  0.00387771
        1544     0.82039    0.798561  0.00387523
        1545    0.821883    0.798576  0.00387275
        1546    0.823339    0.798592  0.00387028
        1547    0.824757    0.798609  0.00386781
        1548    0.826136    0.798627  0.00386535
        1549    0.827474    0.798645   0.0038629
        1550     0.82877    0.798665  0.00386046
        1551    0.830022    0.798685  0.00385802
        1552     0.83123    0.798706   0.0038556
        1553    0.832391    0.798728  0.00385317
        1554    0.833507     0.79875  0.00385076
        1555    0.834576    0.798773  0.00384835
        1556    0.835597    0.798797  0.00384595
        1557    0.836568    0.798821  0.00384356
        1558    0.837489    0.798846  0.00384117
        1559    0.838358    0.798871  0.00383879
        1560    0.839175    0.798897  0.00383642
        1561    0.839939    0.798923  0.00383405
        1562    0.840649     0.79895  0.00383169
        1563    0.841306    0.798977  0.00382933
        1564    0.841908    0.799005  0.00382698
        1565    0.842456    0.799032  0.00382464
        1566    0.842948    0.799061   0.0038223
        1567    0.843385    0.799089  0.00381996
        1568    0.843767    0.799117  0.00381763
        1569    0.844094    0.799146  0.00381531
        1570    0.844364    0.799175  0.00381299
        1571    0.844578    0.799204  0.00381067
        1572    0.844736    0.799233  0.00380836
        1573    0.844839    0.799262  0.00380604
        1574    0.844886    0.799291  0.00380374
        1575    0.844877     0.79932  0.00380143
        1576    0.844815    0.799348  0.00379913
        1577    0.844699    0.799377  0.00379683
        1578     0.84453    0.799406  0.00379453
        1579    0.844307    0.799434  0.00379223
        1580    0.844032    0.799462  0.00378994
        1581    0.843704     0.79949  0.00378765
        1582    0.843325    0.799518  0.00378535
        1583    0.842894    0.799546  0.00378306
        1584    0.842414    0.799573  0.00378077
        1585    0.841884    0.799599  0.00377848
        1586    0.841306    0.799626  0.00377619
        1587    0.840682    0.799651   0.0037739
        1588    0.840012    0.799677  0.00377161
        1589    0.839297    0.799702  0.00376931
        1590    0.838538    0.799726  0.00376702
        1591    0.837736     0.79975  0.00376473
        1592    0.836893    0.799773  0.00376244
        1593    0.836009    0.799796  0.00376015
        1594    0.835088    0.799818  0.00375785
        1595    0.834129     0.79984  0.00375556
        1596    0.833136    0.799861  0.00375326
        1597    0.832109    0.799881  0.00375097
        1598    0.831049      0.7999  0.00374867
        1599    0.829957    0.799919  0.00374637
        1600    0.828835    0.799937  0.00374407
        1601    0.827684    0.799955  0.00374178
        1602    0.826507    0.799971  0.00373948
        1603    0.825304    0.799987  0.00373718
        1604    0.824078    0.800002  0.00373488
        1605    0.822829    0.800016  0.00373258
        1606     0.82156     0.80003  0.00373028
        1607    0.820273    0.800042  0.00372798
        1608     0.81897    0.800054  0.00372568
        1609    0.817652    0.800065  0.00372338
        1610    0.816321    0.800075  0.00372108
        1611     0.81498    0.800084  0.00371878
        1612     0.81363    0.800093  0.00371648
        1613    0.812274      0.8001  0.00371419
        1614    0.810915    0.800107  0.00371189
        1615    0.809554    0.800113   0.0037096
        1616    0.808193    0.800118  0.00370731
        1617    0.806834    0.800122  0.00370502
        1618    0.805478    0.800125  0.00370273
        1619    0.804129    0.800128  0.00370044
        1620    0.802787    0.800129  0.00369816
        1621    0.801455     0.80013  0.00369588
        1622    0.800132     0.80013   0.0036936
        1623    0.798822    0.800129  0.00369132
        1624    0.797525    0.800128  0.00368905
        1625    0.796243    0.800125  0.00368678
        1626    0.794978    0.800122  0.00368451
        1627    0.793732    0.800118  0.00368225
        1628    0.792506    0.800114  0.00367999
        1629    0.791303    0.800108  0.00367774
        1630    0.790124    0.800102  0.00367549
        1631     0.78897    0.800095  0.00367324
        1632    0.787843    0.800088    0.003671
        1633    0.786745     0.80008  0.00366876
        1634    0.785678    0.800071  0.00366652
        1635    0.784644    0.800061  0.00366429
        1636    0.783642    0.800051  0.00366207
        1637    0.782675    0.800041  0.00365984
        1638    0.781744     0.80003  0.00365763
        1639    0.780852    0.800018  0.00365541
        1640        0.78    0.800006  0.00365321
        1641    0.779189    0.799993    0.003651
        1642    0.778421     0.79998   0.0036488
        1643    0.777696    0.799966  0.00364661
        1644    0.777015    0.799952  0.00364441
        1645    0.776381    0.799938  0.00364223
        1646    0.775794    0.799923  0.00364004
        1647    0.775254    0.799908  0.00363786
        1648    0.774762    0.799893  0.00363569
        1649    0.774321    0.799878  0.00363352
        1650    0.773931    0.799862  0.00363135
        1651    0.773593    0.799846  0.00362918
        1652    0.773306     0.79983  0.00362702
        1653    0.773072    0.799814  0.00362487
        1654    0.772892    0.799797  0.00362271
        1655    0.772767    0.799781  0.00362056
        1656    0.772695    0.799765  0.00361841
        1657    0.772677    0.799748  0.00361626
        1658    0.772714    0.799732  0.00361412
        1659    0.772806    0.799716  0.00361198
        1660    0.772953      0.7997  0.00360984
        1661    0.773155    0.799684   0.0036077
        1662    0.773412    0.799668  0.00360556
        1663    0.773722    0.799652  0.00360343
        1664    0.774085    0.799637  0.00360129
        1665    0.774501    0.799622  0.00359916
        1666    0.774969    0.799607  0.00359703
        1667    0.775487    0.799593   0.0035949
        1668    0.776056    0.799578  0.00359278
        1669    0.776674    0.799565  0.00359065
        1670    0.777339    0.799551  0.00358853
        1671     0.77805    0.799539   0.0035864
        1672    0.778807    0.799526  0.00358428
        1673    0.779607    0.799514  0.00358215
        1674    0.780449    0.799503  0.00358003
        1675    0.781331    0.799492  0.00357791
        1676    0.782252    0.799482  0.00357579
        1677    0.783209    0.799472  0.00357367
        1678    0.784201    0.799463  0.00357155
        1679    0.785226    0.799454  0.00356944
        1680    0.786281    0.799447  0.00356732
        1681    0.787363    0.799439  0.00356521
        1682    0.788471    0.799433  0.00356309
        1683    0.789602    0.799427  0.00356098
        1684    0.790753    0.799422  0.00355887
        1685    0.791923    0.799417  0.00355676
        1686     0.79311    0.799414  0.00355465
        1687     0.79431    0.799411  0.00355255
        1688     0.79552    0.799408  0.00355044
        1689    0.796739    0.799407  0.00354834
        1690    0.797965    0.799406  0.00354624
        1691    0.799193    0.799406  0.00354414
        1692    0.800423    0.799406  0.00354205
        1693    0.801652    0.799408  0.00353996
        1694    0.802878     0.79941  0.00353787
        1695    0.804098    0.799413  0.00353578
        1696    0.805309    0.799416   0.0035337
        1697    0.806511     0.79942  0.00353162
        1698    0.807702    0.799425  0.00352954
        1699    0.808877    0.799431  0.00352747
        1700    0.810037    0.799437   0.0035254
        1701    0.811177    0.799444  0.00352334
        1702    0.812297    0.799451  0.00352127
        1703    0.813394     0.79946  0.00351921
        1704    0.814467    0.799468  0.00351716
        1705    0.815516    0.799478  0.00351511
        1706    0.816536    0.799488  0.00351306
        1707    0.817528    0.799498  0.00351102
        1708    0.818491    0.799509  0.00350898
        1709    0.819423    0.799521  0.00350695
        1710    0.820323    0.799533  0.00350492
        1711    0.821192    0.799546  0.00350289
        1712    0.822026    0.799559  0.00350087
        1713    0.822825    0.799573  0.00349886
        1714    0.823589    0.799587  0.00349684
        1715    0.824316    0.799601  0.00349483
        1716    0.825008    0.799616  0.00349283
        1717    0.825662    0.799631  0.00349083
        1718    0.826279    0.799647  0.00348883
        1719    0.826858    0.799662  0.00348684
        1720      0.8274    0.799678  0.00348485
        1721    0.827905    0.799695  0.00348286
        1722    0.828373    0.799712  0.00348088
        1723    0.828805    0.799728   0.0034789
        1724    0.829199    0.799746  0.00347692
        1725    0.829558    0.799763  0.00347495
        1726    0.829881     0.79978  0.00347298
        1727    0.830169    0.799798  0.00347101
        1728    0.830424    0.799816  0.00346905
        1729    0.830647    0.799833  0.00346709
        1730    0.830836    0.799851  0.00346513
        1731    0.830993    0.799869  0.00346318
        1732    0.831119    0.799887  0.00346122
        1733    0.831216    0.799905  0.00345927
        1734    0.831285    0.799924  0.00345733
        1735    0.831326    0.799942  0.00345538
        1736     0.83134     0.79996  0.00345344
        1737    0.831329    0.799978   0.0034515
        1738    0.831295    0.799996  0.00344956
        1739    0.831238    0.800014  0.00344762
        1740     0.83116    0.800032  0.00344569
        1741    0.831061    0.800049  0.00344375
        1742    0.830944    0.800067  0.00344182
        1743    0.830808    0.800085  0.00343989
        1744    0.830656    0.800102  0.00343796
        1745    0.830488     0.80012  0.00343604
        1746    0.830306    0.800137  0.00343411
        1747    0.830111    0.800154  0.00343219
        1748    0.829904    0.800171  0.00343027
        1749    0.829685    0.800188  0.00342835
        1750    0.829457    0.800205  0.00342643
        1751    0.829219    0.800221  0.00342451
        1752    0.828973    0.800238   0.0034226
        1753    0.828721    0.800254  0.00342069
        1754    0.828463     0.80027  0.00341877
        1755      0.8282    0.800286  0.00341686
        1756    0.827933    0.800302  0.00341495
        1757    0.827663    0.800317  0.00341304
        1758    0.827389    0.800333  0.00341114
        1759    0.827114    0.800348  0.00340923
        1760    0.826838    0.800363  0.00340733
        1761    0.826561    0.800378  0.00340543
        1762    0.826284    0.800393  0.00340353
        1763    0.826006    0.800407  0.00340163
        1764    0.825728    0.800422  0.00339973
        1765    0.825451    0.800436  0.00339783
        1766    0.825175     0.80045  0.00339594
        1767    0.824901    0.800464  0.00339404
        1768    0.824629    0.800477  0.00339215
        1769     0.82436    0.800491  0.00339026
        1770    0.824094    0.800504  0.00338837
        1771     0.82383    0.800517  0.00338648
        1772    0.823569     0.80053   0.0033846
        1773    0.823311    0.800543  0.00338271
        1774    0.823055    0.800556  0.00338083
        1775    0.822802    0.800568  0.00337895
        1776    0.822552    0.800581  0.00337707
        1777    0.822304    0.800593  0.00337519
        1778    0.822059    0.800605  0.00337331
        1779    0.821816    0.800617  0.00337144
        1780    0.821574    0.800629  0.00336956
        1781    0.821335     0.80064  0.00336769
        1782    0.821099    0.800652  0.00336582
        1783    0.820864    0.800663  0.00336395
        1784     0.82063    0.800674  0.00336209
        1785    0.820397    0.800685  0.00336022
        1786    0.820165    0.800696  0.00335836
        1787    0.819935    0.800707   0.0033565
        1788    0.819705    0.800718  0.00335463
        1789    0.819476    0.800728  0.00335278
        1790    0.819248    0.800739  0.00335092
        1791    0.819021    0.800749  0.00334906
        1792    0.818794    0.800759  0.00334721
        1793    0.818568    0.800769  0.00334536
        1794    0.818341    0.800779  0.00334351
        1795    0.818115    0.800788  0.00334166
        1796    0.817887    0.800798  0.00333981
        1797    0.817659    0.800807  0.00333797
        1798     0.81743    0.800816  0.00333612
        1799      0.8172    0.800825  0.00333428
        1800    0.816969    0.800834  0.00333244
