#     BLOCK:  ACTUAL_PE:     PE_AVE:      ERROR:
           1   -0.229484   -0.229484           0
           2   -0.345734   -0.287609   0.0411008
           3   -0.349584   -0.308268   0.0321761
           4   -0.337936   -0.315685   0.0249723
           5   -0.385989   -0.329746   0.0236068
           6   -0.374312   -0.337173   0.0208081
           7   -0.384438   -0.343925   0.0188993
           8   -0.474638   -0.360265   0.0225181
           9   -0.397988   -0.364456   0.0204025
          10   -0.354667   -0.363477   0.0183857
          11   -0.390259   -0.365912   0.0168747
          12   -0.458958   -0.373666   0.0171577
          13   -0.375207   -0.373784   0.0158383
          14   -0.393511   -0.375193   0.0147695
          15   -0.426103   -0.378587   0.0141695
          16   -0.411157   -0.380623   0.0134293
          17   -0.367098   -0.379827   0.0126629
          18   -0.344479   -0.377864   0.0121107
          19    -0.37676   -0.377805   0.0114734
          20   -0.374684   -0.377649   0.0109008
          21   -0.310098   -0.374433    0.010846
          22    -0.33134   -0.372474   0.0105284
          23   -0.353822   -0.371663   0.0101018
          24   -0.387976   -0.372343  0.00970373
          25   -0.406442   -0.373707  0.00941096
          26     -0.4457   -0.376476  0.00944757
          27     -0.4226   -0.378184  0.00925082
          28   -0.501438   -0.382586  0.00991257
          29   -0.475202   -0.385779   0.0100721
          30   -0.380174   -0.385593   0.0097381
          31   -0.482881   -0.388731  0.00991678
          32   -0.350701   -0.387543  0.00967783
          33   -0.384317   -0.387445  0.00938506
          34    -0.43332   -0.388794  0.00920551
          35    -0.46001   -0.390829  0.00916461
          36   -0.454835   -0.392607  0.00908086
          37   -0.380636   -0.392283   0.0088412
          38   -0.445193   -0.393676  0.00871748
          39   -0.468739     -0.3956  0.00870384
          40   -0.442991   -0.396785   0.0085665
          41   -0.459962   -0.398326  0.00849501
          42   -0.434349   -0.399184  0.00833594
          43   -0.552042   -0.402738  0.00886772
          44   -0.435887   -0.403492  0.00869812
          45    -0.38623   -0.403108  0.00851329
          46    -0.36746   -0.402333  0.00836341
          47   -0.381182   -0.401883  0.00819757
          48   -0.407744   -0.402005  0.00802769
          49   -0.349774   -0.400939  0.00793432
          50    -0.35175   -0.399956  0.00783638
          51   -0.520798   -0.402325  0.00803297
          52   -0.488314   -0.403979  0.00804689
          53   -0.479026   -0.405395  0.00801868
          54   -0.474128   -0.406668  0.00797057
          55   -0.377265   -0.406133  0.00784356
          56   -0.475345   -0.407369  0.00780026
          57   -0.428265   -0.407735  0.00767202
          58   -0.363358    -0.40697   0.0075778
          59   -0.425953   -0.407292  0.00745619
          60   -0.382536   -0.406879  0.00734333
          61   -0.375669   -0.406368  0.00724075
          62   -0.403818   -0.406327  0.00712408
          63   -0.408791   -0.406366  0.00701111
          64   -0.341392   -0.405351  0.00697468
          65   -0.347768   -0.404465  0.00692341
          66   -0.355177   -0.403718  0.00685866
          67   -0.361684   -0.403091  0.00678493
          68    -0.37669   -0.402702  0.00669625
          69   -0.385822   -0.402458  0.00660367
          70   -0.385216   -0.402211  0.00651392
          71   -0.366536   -0.401709  0.00644153
          72   -0.384349   -0.401468  0.00635657
          73   -0.375864   -0.401117  0.00627916
          74   -0.371285   -0.400714  0.00620724
          75   -0.408839   -0.400822  0.00612542
          76   -0.473499   -0.401779  0.00611901
          77   -0.493039   -0.402964  0.00615326
          78   -0.487189   -0.404044  0.00616839
          79   -0.427676   -0.404343  0.00609755
          80   -0.442947   -0.404825   0.0060404
          81   -0.505604   -0.406069  0.00609261
          82   -0.451414   -0.406622  0.00604336
          83   -0.437064   -0.406989  0.00598166
          84   -0.425552    -0.40721  0.00591453
          85   -0.384791   -0.406946  0.00585083
          86   -0.445811   -0.407398  0.00580022
          87   -0.517893   -0.408668  0.00587096
          88   -0.448059   -0.409116  0.00582128
          89   -0.505478   -0.410199   0.0058557
          90   -0.483729   -0.411016  0.00584735
          91   -0.486659   -0.411847  0.00584188
          92   -0.412012   -0.411849  0.00577838
          93   -0.410042   -0.411829  0.00571628
          94   -0.466147   -0.412407   0.0056846
          95   -0.427157   -0.412562  0.00562688
          96   -0.379414   -0.412217  0.00557885
          97   -0.378248   -0.411867  0.00553232
          98   -0.362531   -0.411364  0.00549873
          99   -0.338703    -0.41063  0.00549195
         100   -0.415896   -0.410682  0.00543728
         101   -0.357073   -0.410151  0.00540929
         102   -0.322061   -0.409288  0.00542476
         103   -0.321052   -0.408431  0.00543931
         104   -0.387126   -0.408226  0.00539087
         105   -0.310593   -0.407296  0.00541913
         106   -0.468418   -0.407873  0.00539859
         107   -0.517768     -0.4089  0.00544496
         108   -0.446449   -0.409248  0.00540563
         109   -0.470323   -0.409808    0.005385
         110   -0.390249    -0.40963  0.00533898
         111   -0.468606   -0.410162  0.00531725
         112   -0.447563   -0.410496  0.00528025
         113   -0.454156   -0.410882  0.00524764
         114   -0.357547   -0.410414  0.00522242
         115   -0.343984   -0.409836  0.00520886
         116   -0.370201   -0.409495  0.00517515
         117   -0.378164   -0.409227  0.00513784
         118   -0.365786   -0.408859  0.00510748
         119   -0.370403   -0.408536  0.00507477
         120    -0.45173   -0.408896  0.00504523
         121   -0.346029   -0.408376  0.00503021
         122   -0.426073   -0.408521  0.00499107
         123   -0.418756   -0.408604  0.00495119
         124   -0.438904   -0.408849  0.00491729
         125   -0.320021   -0.408138  0.00492903
         126   -0.371896    -0.40785  0.00489829
         127   -0.469928   -0.408339  0.00488405
         128   -0.492399   -0.408996  0.00488985
         129   -0.519061   -0.409849  0.00492582
         130   -0.540032   -0.410851  0.00498868
         131   -0.416323   -0.410892  0.00495078
         132   -0.409276    -0.41088  0.00491328
         133   -0.489501   -0.411471  0.00491177
         134   -0.436745    -0.41166  0.00487874
         135   -0.419066   -0.411715  0.00484291
         136   -0.365589   -0.411376  0.00481916
         137   -0.416441   -0.411413  0.00478413
         138   -0.454398   -0.411724  0.00475959
         139   -0.468866   -0.412135  0.00474307
         140   -0.435778   -0.412304  0.00471219
         141   -0.379831   -0.412074   0.0046844
         142   -0.352946   -0.411657  0.00466988
         143   -0.398018   -0.411562   0.0046382
         144   -0.431424     -0.4117  0.00460804
         145   -0.365534   -0.411381  0.00458724
         146   -0.382587   -0.411184  0.00456006
         147    -0.41955   -0.411241   0.0045294
         148   -0.383844   -0.411056  0.00450257
         149   -0.344305   -0.410608  0.00449459
         150   -0.389336   -0.410466  0.00446686
         151   -0.440153   -0.410663   0.0044416
         152   -0.387237   -0.410509  0.00441505
         153   -0.375091   -0.410277  0.00439226
         154   -0.361369    -0.40996  0.00437521
         155   -0.421874   -0.410036  0.00434766
         156    -0.43174   -0.410176  0.00432201
         157    -0.44798   -0.410416  0.00430119
         158    -0.48032   -0.410859  0.00429666
         159   -0.421248   -0.410924  0.00427013
         160   -0.485977   -0.411393  0.00426913
         161   -0.444266   -0.411597  0.00424749
         162   -0.431115   -0.411718  0.00422298
         163   -0.462129   -0.412027  0.00420838
         164   -0.425177   -0.412107  0.00418349
         165   -0.422227   -0.412169  0.00415858
         166   -0.437959   -0.412324  0.00413643
         167    -0.40954   -0.412307   0.0041117
         168   -0.502786   -0.412846  0.00412234
         169   -0.476123    -0.41322  0.00411492
         170   -0.396264   -0.413121  0.00409192
         171   -0.356663    -0.41279  0.00408129
         172    -0.37415   -0.412566  0.00406374
         173   -0.364086   -0.412286   0.0040499
         174   -0.388032   -0.412146  0.00402902
         175   -0.344477    -0.41176  0.00402451
         176   -0.403513   -0.411713  0.00400192
         177   -0.403413   -0.411666  0.00397959
         178     -0.3748   -0.411459  0.00396261
         179    -0.39255   -0.411353  0.00394188
         180   -0.398712   -0.411283  0.00392061
         181   -0.509868   -0.411827   0.0039366
         182   -0.373372   -0.411616  0.00392064
         183   -0.372565   -0.411403  0.00390502
         184   -0.388843    -0.41128  0.00388572
         185   -0.419893   -0.411327  0.00386499
         186   -0.448974   -0.411529  0.00384951
         187   -0.421473   -0.411582  0.00382929
         188   -0.399584   -0.411518  0.00380945
         189   -0.422396   -0.411576  0.00378973
         190   -0.428716   -0.411666  0.00377086
         191   -0.403253   -0.411622  0.00375138
         192   -0.510324   -0.412136   0.0037669
         193   -0.394261   -0.412044  0.00374852
         194   -0.412652   -0.412047   0.0037292
         195   -0.410554   -0.412039  0.00371008
         196   -0.448893   -0.412227  0.00369591
         197   -0.463785   -0.412489  0.00368641
         198   -0.456254    -0.41271  0.00367441
         199    -0.44111   -0.412853  0.00365871
         200   -0.561355   -0.413595    0.003715
         201   -0.526231   -0.414156  0.00373854
         202   -0.539407   -0.414776  0.00377111
         203   -0.538232   -0.415384  0.00380125
         204    -0.46813   -0.415642   0.0037914
         205   -0.483845   -0.415975  0.00378748
         206   -0.611596   -0.416925  0.00388631
         207   -0.457724   -0.417122  0.00387253
         208    -0.44799    -0.41727  0.00385676
         209   -0.463886   -0.417493  0.00384475
         210   -0.484264   -0.417811  0.00383957
         211   -0.427497   -0.417857  0.00382164
         212    -0.42768   -0.417903   0.0038039
         213   -0.422247   -0.417924  0.00378609
         214   -0.396372   -0.417823  0.00376974
         215   -0.394793   -0.417716  0.00375373
         216   -0.421943   -0.417735   0.0037364
         217   -0.466528    -0.41796  0.00372594
         218       -0.45   -0.418107  0.00371175
         219   -0.527627   -0.418607  0.00372834
         220    -0.51705   -0.419055  0.00373814
         221   -0.463073   -0.419254  0.00372653
         222   -0.383995   -0.419095  0.00371313
         223   -0.371042    -0.41888  0.00370273
         224   -0.355822   -0.418598  0.00369688
         225    -0.38049   -0.418429  0.00368433
         226   -0.432733   -0.418492  0.00366857
         227   -0.439732   -0.418586   0.0036536
         228   -0.394501    -0.41848   0.0036391
         229   -0.415161   -0.418466  0.00362324
         230   -0.438755   -0.418554  0.00360856
         231   -0.375959   -0.418369  0.00359765
         232   -0.429356   -0.418417  0.00358245
         233   -0.545718   -0.418963   0.0036085
         234   -0.517328   -0.419383  0.00361748
         235   -0.521432   -0.419818  0.00362806
         236   -0.516767   -0.420229  0.00363587
         237   -0.465201   -0.420418  0.00362547
         238   -0.463938   -0.420601  0.00361485
         239   -0.433574   -0.420655  0.00360013
         240   -0.457772    -0.42081  0.00358845
         241    -0.45183   -0.420939  0.00357587
         242   -0.396376   -0.420837  0.00356253
         243   -0.405527   -0.420774  0.00354843
         244   -0.409903    -0.42073  0.00353417
         245   -0.433854   -0.420783  0.00352015
         246   -0.435225   -0.420842  0.00350633
         247   -0.447964   -0.420952  0.00349385
         248   -0.422163   -0.420957  0.00347977
         249   -0.371779   -0.420759  0.00347139
         250   -0.492309   -0.421045  0.00346928
         251   -0.448686   -0.421156  0.00345721
         252   -0.420619   -0.421153  0.00344349
         253    -0.38042   -0.420992  0.00343364
         254   -0.385444   -0.420852  0.00342297
         255   -0.370625   -0.420655  0.00341521
         256   -0.403135   -0.420587  0.00340256
         257   -0.435394   -0.420645  0.00338981
         258   -0.445263    -0.42074  0.00337801
         259   -0.530278   -0.421163  0.00339134
         260   -0.492089   -0.421436  0.00338925
         261   -0.528607   -0.421846  0.00340105
         262   -0.518704   -0.422216   0.0034081
         263   -0.399132   -0.422128  0.00339627
         264   -0.365021   -0.421912  0.00339029
         265   -0.402843    -0.42184  0.00337826
         266   -0.382319   -0.421691  0.00336882
         267   -0.421734   -0.421692  0.00335621
         268   -0.509472   -0.422019  0.00335963
         269   -0.449143    -0.42212  0.00334865
         270   -0.428328   -0.422143  0.00333633
         271   -0.430098   -0.422172  0.00332414
         272   -0.456072   -0.422297  0.00331426
         273   -0.355619   -0.422053  0.00331111
         274   -0.425365   -0.422065  0.00329904
         275   -0.422953   -0.422068  0.00328705
         276   -0.405842   -0.422009  0.00327567
         277   -0.393671   -0.421907  0.00326544
         278   -0.329976   -0.421576  0.00327039
         279   -0.374833   -0.421409  0.00326296
         280   -0.410628    -0.42137  0.00325153
         281   -0.437565   -0.421428  0.00324047
         282    -0.37838   -0.421275  0.00323257
         283   -0.379626   -0.421128   0.0032245
         284   -0.401239   -0.421058  0.00321391
         285     -0.3549   -0.420826    0.003211
         286   -0.361318   -0.420618  0.00320651
         287   -0.446236   -0.420707  0.00319658
         288   -0.382616   -0.420575  0.00318821
         289   -0.381674    -0.42044  0.00318002
         290   -0.353958   -0.420211  0.00317731
         291    -0.39131   -0.420112  0.00316794
         292   -0.369939    -0.41994  0.00316175
         293    -0.35288   -0.419711  0.00315923
         294   -0.420989   -0.419715  0.00314849
         295   -0.338758   -0.419441  0.00314975
         296   -0.335053   -0.419156  0.00315199
         297   -0.351652   -0.418928  0.00314956
         298   -0.396367   -0.418853   0.0031399
         299   -0.356483   -0.418644  0.00313632
         300   -0.282016   -0.418189  0.00315876
         301   -0.324189   -0.417876  0.00316367
         302   -0.375037   -0.417735  0.00315637
         303   -0.362069   -0.417551  0.00315129
         304   -0.381518   -0.417432  0.00314316
         305   -0.395752   -0.417361  0.00313365
         306   -0.376219   -0.417227   0.0031263
         307   -0.376165   -0.417093  0.00311897
         308   -0.418956   -0.417099  0.00310885
         309    -0.42644   -0.417129  0.00309894
         310   -0.420422    -0.41714  0.00308896
         311   -0.423577   -0.417161   0.0030791
         312   -0.412334   -0.417145  0.00306927
         313   -0.512371   -0.417449   0.0030745
         314   -0.450347   -0.417554   0.0030665
         315    -0.36681   -0.417393  0.00306099
         316   -0.402352   -0.417345  0.00305167
         317   -0.413559   -0.417334  0.00304207
         318   -0.382032   -0.417223  0.00303453
         319   -0.381293    -0.41711   0.0030271
         320   -0.365914    -0.41695  0.00302187
         321   -0.310868   -0.416619  0.00303047
         322   -0.342152   -0.416388  0.00302987
         323   -0.423472    -0.41641  0.00302057
         324   -0.409891    -0.41639  0.00301132
         325    -0.40298   -0.416349  0.00300233
         326   -0.393855    -0.41628  0.00299392
         327   -0.441632   -0.416357  0.00298576
         328    -0.42915   -0.416396  0.00297692
         329   -0.475696   -0.416577  0.00297332
         330   -0.390928   -0.416499  0.00296532
         331   -0.388264   -0.416413  0.00295759
         332   -0.366988   -0.416265  0.00295243
         333   -0.422182   -0.416282  0.00294362
         334   -0.387464   -0.416196  0.00293607
         335   -0.343404   -0.415979  0.00293533
         336   -0.353374   -0.415792   0.0029325
         337   -0.354103   -0.415609  0.00292951
         338   -0.370951   -0.415477  0.00292382
         339   -0.354382   -0.415297  0.00292074
         340   -0.425889   -0.415328  0.00291232
         341   -0.409728   -0.415312  0.00290383
         342   -0.376239   -0.415198  0.00289758
         343   -0.350669   -0.415009  0.00289523
         344   -0.421143   -0.415027  0.00288687
         345    -0.44169   -0.415105  0.00287954
         346   -0.436162   -0.415165  0.00287186
         347   -0.447453   -0.415258  0.00286509
         348   -0.441333   -0.415333  0.00285784
         349   -0.411366   -0.415322  0.00284967
         350   -0.392881   -0.415258  0.00284225
         351    -0.48452   -0.415455    0.002841
         352   -0.467419   -0.415603  0.00283676
         353   -0.448802   -0.415697  0.00283028
         354   -0.387838   -0.415618  0.00282338
         355   -0.395866   -0.415563  0.00281597
         356   -0.373533   -0.415445  0.00281054
         357    -0.41868   -0.415454  0.00280268
         358   -0.328747   -0.415211   0.0028053
         359   -0.337007   -0.414994  0.00280593
         360   -0.372108   -0.414874  0.00280066
         361   -0.377288    -0.41477  0.00279484
         362   -0.382212    -0.41468  0.00278856
         363   -0.420835   -0.414697  0.00278093
         364   -0.404217   -0.414669  0.00277344
         365   -0.396821    -0.41462  0.00276627
         366   -0.404938   -0.414593  0.00275884
         367   -0.424627    -0.41462  0.00275146
         368    -0.40171   -0.414585  0.00274421
         369   -0.394008    -0.41453  0.00273734
         370   -0.427261   -0.414564  0.00273016
         371   -0.413167    -0.41456   0.0027228
         372    -0.36419   -0.414425  0.00271884
         373   -0.441802   -0.414498  0.00271255
         374   -0.442932   -0.414574  0.00270636
         375   -0.446064   -0.414658  0.00270044
         376   -0.404816   -0.414632  0.00269339
         377   -0.404485   -0.414605  0.00268638
         378   -0.390655   -0.414542  0.00268002
         379   -0.435211   -0.414596   0.0026735
         380    -0.42599   -0.414626  0.00266663
         381   -0.443316   -0.414702   0.0026607
         382    -0.47098   -0.414849  0.00265781
         383   -0.439178   -0.414912  0.00265163
         384   -0.477168   -0.415075  0.00264968
         385   -0.415928   -0.415077  0.00264279
         386   -0.397716   -0.415032  0.00263633
         387   -0.370725   -0.414917    0.002632
         388   -0.381011    -0.41483  0.00262667
         389   -0.390194   -0.414767  0.00262068
         390    -0.37102   -0.414654  0.00261636
         391   -0.431676   -0.414698  0.00261003
         392   -0.394313   -0.414646  0.00260389
         393   -0.420227    -0.41466   0.0025973
         394   -0.394896    -0.41461   0.0025912
         395   -0.438983   -0.414672  0.00258537
         396   -0.409311   -0.414658  0.00257888
         397   -0.384472   -0.414582   0.0025735
         398   -0.399508   -0.414544  0.00256731
         399   -0.408092   -0.414528  0.00256093
         400     -0.3835   -0.414451   0.0025557
         401   -0.340065   -0.414265  0.00255605
         402   -0.368145    -0.41415  0.00255227
         403   -0.448074   -0.414235  0.00254732
         404   -0.465389   -0.414361  0.00254416
         405   -0.378295   -0.414272  0.00253944
         406   -0.363995   -0.414148   0.0025362
         407   -0.409804   -0.414138  0.00252999
         408   -0.396369   -0.414094  0.00252417
         409   -0.435449   -0.414146  0.00251853
         410   -0.431475   -0.414189  0.00251275
         411   -0.384644   -0.414117  0.00250766
         412   -0.348275   -0.413957  0.00250666
         413   -0.364117   -0.413836   0.0025035
         414   -0.420967   -0.413853  0.00249751
         415   -0.441314    -0.41392  0.00249237
         416   -0.437205   -0.413976    0.002487
         417   -0.385468   -0.413907  0.00248198
         418   -0.461448   -0.414021  0.00247864
         419   -0.409729   -0.414011  0.00247275
         420   -0.298833   -0.413736  0.00248202
         421   -0.292224   -0.413448  0.00249285
         422   -0.345076   -0.413286  0.00249221
         423   -0.409841   -0.413278  0.00248633
         424    -0.40324   -0.413254  0.00248058
         425   -0.430625   -0.413295  0.00247508
         426   -0.375619   -0.413206  0.00247085
         427   -0.409901   -0.413199  0.00246507
         428   -0.542638   -0.413501  0.00247779
         429   -0.436451   -0.413555   0.0024726
         430   -0.408898   -0.413544  0.00246687
         431   -0.388643   -0.413486  0.00246182
         432   -0.438381   -0.413544   0.0024568
         433   -0.431995   -0.413586  0.00245149
         434   -0.355871   -0.413453  0.00244945
         435   -0.316368    -0.41323  0.00245396
         436   -0.360522   -0.413109  0.00245131
         437   -0.293749   -0.412836  0.00246087
         438   -0.322553    -0.41263  0.00246387
         439   -0.432399   -0.412675  0.00245867
         440   -0.383042   -0.412608    0.002454
         441   -0.422558    -0.41263  0.00244854
         442    -0.36435   -0.412521  0.00244544
         443   -0.327164   -0.412328   0.0024475
         444   -0.421093   -0.412348  0.00244207
         445   -0.449889   -0.412432  0.00243803
         446   -0.355722   -0.412305  0.00243588
         447   -0.429881   -0.412344  0.00243075
         448   -0.417735   -0.412357  0.00242535
         449   -0.395419   -0.412319  0.00242025
         450   -0.387252   -0.412263  0.00241551
         451   -0.487427    -0.41243  0.00241589
         452   -0.347868   -0.412287  0.00241477
         453   -0.322772   -0.412089  0.00241751
         454   -0.372587   -0.412002  0.00241375
         455   -0.367179   -0.411904  0.00241045
         456    -0.37133   -0.411815  0.00240681
         457   -0.394884   -0.411778  0.00240183
         458   -0.354667   -0.411653  0.00239982
         459   -0.372742   -0.411568  0.00239609
         460   -0.403482   -0.411551  0.00239094
         461   -0.365635   -0.411451  0.00238783
         462   -0.407509   -0.411443  0.00238268
         463   -0.382356    -0.41138  0.00237836
         464   -0.380143   -0.411312  0.00237419
         465   -0.371476   -0.411227  0.00237063
         466   -0.422082    -0.41125  0.00236565
         467   -0.371927   -0.411166  0.00236208
         468   -0.428886   -0.411204  0.00235734
         469   -0.463281   -0.411315  0.00235493
         470   -0.493811    -0.41149  0.00235645
         471   -0.437416   -0.411545  0.00235209
         472   -0.491438   -0.411715  0.00235319
         473   -0.501214   -0.411904  0.00235581
         474   -0.509742    -0.41211  0.00235986
         475   -0.477448   -0.412248   0.0023589
         476   -0.484214   -0.412399  0.00235879
         477   -0.468405   -0.412516  0.00235676
         478    -0.43127   -0.412556  0.00235216
         479   -0.474964   -0.412686  0.00235085
         480    -0.40282   -0.412665  0.00234604
         481   -0.428693   -0.412699   0.0023414
         482   -0.418341    -0.41271  0.00233658
         483   -0.457995   -0.412804  0.00233362
         484    -0.40203   -0.412782   0.0023289
         485   -0.455742    -0.41287  0.00232578
         486   -0.384733   -0.412813  0.00232172
         487   -0.410573   -0.412808  0.00231696
         488   -0.382598   -0.412746  0.00231304
         489   -0.383919   -0.412687  0.00230906
         490   -0.365524   -0.412591  0.00230635
         491   -0.429489   -0.412625  0.00230191
         492    -0.43512   -0.412671  0.00229768
         493   -0.466529    -0.41278  0.00229562
         494    -0.44644   -0.412848  0.00229198
         495   -0.391729   -0.412806  0.00228775
         496   -0.339934   -0.412659  0.00228785
         497   -0.343228   -0.412519  0.00228751
         498   -0.378453   -0.412451  0.00228394
         499   -0.388784   -0.412403  0.00227985
         500   -0.373658   -0.412326  0.00227661
         501   -0.392283   -0.412286  0.00227242
         502   -0.345915   -0.412154  0.00227173
         503   -0.411674   -0.412153  0.00226722
         504   -0.416146    -0.41216  0.00226273
         505   -0.398421   -0.412133  0.00225842
         506   -0.463238   -0.412234  0.00225621
         507   -0.488883   -0.412385  0.00225682
         508   -0.458147   -0.412476  0.00225417
         509    -0.42871   -0.412507  0.00224997
         510   -0.425633   -0.412533  0.00224571
         511   -0.470774   -0.412647   0.0022442
         512   -0.418137   -0.412658  0.00223984
         513   -0.429708   -0.412691  0.00223572
         514   -0.497215   -0.412856  0.00223741
         515   -0.497955   -0.413021  0.00223916
         516   -0.402538      -0.413  0.00223492
         517   -0.392142    -0.41296  0.00223096
         518   -0.416955   -0.412968  0.00222666
         519   -0.427664   -0.412996  0.00222255
         520   -0.347283    -0.41287  0.00222187
         521   -0.356461   -0.412762  0.00222024
         522   -0.384664   -0.412708  0.00221664
         523   -0.354648   -0.412597  0.00221518
         524    -0.41663   -0.412604  0.00221097
         525   -0.461588   -0.412698  0.00220872
         526   -0.481578   -0.412829   0.0022084
         527   -0.469474   -0.412936  0.00220682
         528   -0.443496   -0.412994   0.0022034
         529   -0.439925   -0.413045  0.00219983
         530   -0.361312   -0.412947  0.00219784
         531   -0.375659   -0.412877  0.00219482
         532   -0.392479   -0.412839  0.00219103
         533   -0.429928   -0.412871  0.00218716
         534   -0.416836   -0.412878  0.00218307
         535   -0.358344   -0.412776  0.00218137
         536   -0.374413   -0.412705  0.00217848
         537   -0.409415   -0.412699  0.00217443
         538   -0.394779   -0.412665  0.00217064
         539   -0.375641   -0.412597   0.0021677
         540   -0.362562   -0.412504  0.00216567
         541   -0.410477     -0.4125  0.00216167
         542   -0.373601   -0.412428  0.00215887
         543   -0.296052   -0.412214   0.0021655
         544   -0.297152   -0.412003  0.00217183
         545   -0.341803   -0.411874  0.00217166
         546   -0.420089   -0.411889  0.00216773
         547   -0.442363   -0.411945  0.00216449
         548   -0.478355   -0.412066  0.00216393
         549   -0.411082   -0.412064  0.00215999
         550   -0.392359   -0.412028  0.00215636
         551   -0.361277   -0.411936  0.00215441
         552   -0.442101   -0.411991   0.0021512
         553   -0.393701   -0.411958  0.00214756
         554   -0.442363   -0.412012  0.00214439
         555    -0.41231   -0.412013  0.00214052
         556    -0.40638   -0.412003   0.0021367
         557   -0.411041   -0.412001  0.00213286
         558   -0.434216   -0.412041  0.00212941
         559   -0.400803   -0.412021   0.0021257
         560   -0.461872    -0.41211  0.00212377
         561   -0.459123   -0.412194  0.00212163
         562   -0.434106   -0.412233  0.00211822
         563   -0.430254   -0.412265  0.00211469
         564   -0.462831   -0.412354  0.00211285
         565   -0.479888   -0.412474  0.00211248
         566   -0.501583   -0.412631  0.00211461
         567   -0.448466   -0.412694  0.00211182
         568   -0.417985   -0.412704  0.00210813
         569   -0.463181   -0.412793  0.00210629
         570   -0.394939   -0.412761  0.00210283
         571   -0.408884   -0.412754  0.00209915
         572    -0.43524   -0.412794  0.00209585
         573   -0.372872   -0.412724  0.00209335
         574   -0.396422   -0.412696   0.0020899
         575   -0.379216   -0.412637  0.00208707
         576   -0.463976   -0.412727  0.00208535
         577   -0.457306   -0.412804  0.00208317
         578   -0.418141   -0.412813  0.00207959
         579   -0.444978   -0.412869  0.00207674
         580   -0.407062   -0.412859  0.00207318
         581   -0.438444   -0.412903  0.00207008
         582   -0.423948   -0.412922  0.00206661
         583   -0.514534   -0.413096   0.0020704
         584    -0.55109   -0.413332   0.0020803
         585   -0.485265   -0.413455  0.00208037
         586   -0.558512   -0.413703   0.0020915
         587   -0.448931   -0.413763  0.00208879
         588   -0.472632   -0.413863  0.00208764
         589   -0.477349   -0.413971  0.00208688
         590   -0.440549   -0.414016  0.00208382
         591    -0.36036   -0.413925  0.00208228
         592   -0.365331   -0.413843  0.00208038
         593   -0.419586   -0.413852  0.00207689
         594   -0.449912   -0.413913  0.00207428
         595   -0.459229   -0.413989  0.00207219
         596   -0.355616   -0.413891  0.00207103
         597   -0.330968   -0.413752  0.00207221
         598   -0.313643   -0.413585   0.0020755
         599   -0.320621    -0.41343  0.00207783
         600   -0.422635   -0.413445  0.00207442
         601   -0.334711   -0.413314   0.0020751
         602   -0.350456    -0.41321  0.00207428
         603   -0.417958   -0.413218  0.00207086
         604    -0.37103   -0.413148   0.0020686
         605   -0.419443   -0.413158  0.00206521
         606   -0.386371   -0.413114  0.00206228
         607    -0.46033   -0.413192  0.00206035
         608   -0.445778   -0.413245  0.00205765
         609   -0.441378   -0.413292  0.00205479
         610    -0.43647    -0.41333  0.00205178
         611   -0.407629    -0.41332  0.00204844
         612   -0.445473   -0.413373  0.00204577
         613   -0.412106   -0.413371  0.00204243
         614   -0.375787    -0.41331  0.00204002
         615   -0.387745   -0.413268  0.00203713
         616   -0.390285   -0.413231  0.00203416
         617   -0.329424   -0.413095  0.00203539
         618   -0.366983    -0.41302  0.00203347
         619   -0.370579   -0.412952  0.00203134
         620   -0.379717   -0.412898  0.00202877
         621   -0.381214   -0.412847  0.00202614
         622   -0.436433   -0.412885  0.00202324
         623   -0.436434   -0.412923  0.00202035
         624   -0.346682   -0.412817   0.0020199
         625   -0.395775   -0.412789  0.00201685
         626     -0.3794   -0.412736  0.00201433
         627   -0.373246   -0.412673   0.0020121
         628   -0.328473   -0.412539  0.00201336
         629   -0.310765   -0.412377  0.00201665
         630    -0.35169   -0.412281  0.00201575
         631   -0.377405   -0.412226  0.00201331
         632   -0.353349   -0.412132  0.00201228
         633   -0.392039   -0.412101  0.00200935
         634   -0.377889   -0.412047  0.00200691
         635   -0.342713   -0.411937  0.00200672
         636   -0.401404   -0.411921  0.00200363
         637   -0.382171   -0.411874  0.00200103
         638   -0.436028   -0.411912  0.00199825
         639   -0.390783   -0.411879   0.0019954
         640     -0.4012   -0.411862  0.00199235
         641   -0.401746   -0.411847   0.0019893
         642   -0.422247   -0.411863  0.00198627
         643   -0.380361   -0.411814  0.00198378
         644   -0.412683   -0.411815   0.0019807
         645   -0.460705   -0.411891  0.00197908
         646   -0.409335   -0.411887  0.00197602
         647    -0.38669   -0.411848  0.00197335
         648   -0.443539   -0.411897  0.00197091
         649   -0.455165   -0.411964    0.001969
         650   -0.433361   -0.411996  0.00196625
         651   -0.389821   -0.411962  0.00196352
         652   -0.343685   -0.411858   0.0019633
         653   -0.464862   -0.411939  0.00196197
         654    -0.51907   -0.412103   0.0019658
         655   -0.457299   -0.412172  0.00196401
         656   -0.414699   -0.412176  0.00196102
         657   -0.413532   -0.412178  0.00195804
         658   -0.378182   -0.412126  0.00195574
         659   -0.360696   -0.412048  0.00195433
         660   -0.374031    -0.41199  0.00195222
         661   -0.442012   -0.412036  0.00194979
         662   -0.467101   -0.412119  0.00194862
         663   -0.437709   -0.412157  0.00194606
         664   -0.446446   -0.412209  0.00194382
         665   -0.451711   -0.412269   0.0019418
         666   -0.352757   -0.412179  0.00194094
         667   -0.439597    -0.41222  0.00193847
         668   -0.445386    -0.41227   0.0019362
         669   -0.463444   -0.412346  0.00193482
         670   -0.477231   -0.412443  0.00193435
         671   -0.533743   -0.412624   0.0019399
         672   -0.464406   -0.412701  0.00193854
         673   -0.375088   -0.412645  0.00193647
         674   -0.386807   -0.412607  0.00193397
         675   -0.457812   -0.412674  0.00193227
         676   -0.361935   -0.412599  0.00193087
         677   -0.337646   -0.412488  0.00193118
         678   -0.407402   -0.412481  0.00192835
         679   -0.371639    -0.41242  0.00192645
         680   -0.433736   -0.412452  0.00192387
         681   -0.393224   -0.412424  0.00192125
         682   -0.367995   -0.412358  0.00191954
         683   -0.438325   -0.412396  0.00191711
         684   -0.432186   -0.412425  0.00191452
         685   -0.400814   -0.412408   0.0019118
         686   -0.381265   -0.412363  0.00190955
         687   -0.401352   -0.412347  0.00190684
         688   -0.366797   -0.412281  0.00190522
         689   -0.358265   -0.412202  0.00190407
         690   -0.357448   -0.412123  0.00190296
         691   -0.357724   -0.412044  0.00190183
         692   -0.315714   -0.411905  0.00190417
         693   -0.363842   -0.411836  0.00190269
         694   -0.317472     -0.4117   0.0019048
         695   -0.370824   -0.411641  0.00190296
         696   -0.373878   -0.411587    0.001901
         697    -0.38378   -0.411547   0.0018987
         698   -0.360958   -0.411474  0.00189736
         699   -0.368711   -0.411413  0.00189563
         700   -0.370614   -0.411355  0.00189382
         701   -0.310588   -0.411211  0.00189656
         702   -0.421685   -0.411226  0.00189392
         703   -0.371278   -0.411169  0.00189208
         704   -0.338884   -0.411067  0.00189217
         705   -0.432153   -0.411096  0.00188973
         706   -0.389472   -0.411066   0.0018873
         707   -0.411097   -0.411066  0.00188463
         708   -0.378076   -0.411019  0.00188254
         709   -0.407903   -0.411015  0.00187989
         710   -0.453432   -0.411075  0.00187819
         711   -0.431697   -0.411104  0.00187578
         712   -0.479222   -0.411199  0.00187558
         713   -0.502688   -0.411328  0.00187733
         714   -0.464425   -0.411402  0.00187618
         715   -0.498999   -0.411524  0.00187755
         716   -0.458624    -0.41159  0.00187608
         717   -0.342374   -0.411494  0.00187594
         718   -0.323825   -0.411372   0.0018773
         719   -0.388895    -0.41134  0.00187495
         720    -0.35861   -0.411267  0.00187378
         721   -0.362687     -0.4112  0.00187239
         722    -0.38588   -0.411165  0.00187012
         723   -0.368875   -0.411106  0.00186845
         724   -0.383938   -0.411069  0.00186625
         725   -0.356302   -0.410993   0.0018652
         726   -0.408469    -0.41099  0.00186264
         727   -0.432383   -0.411019  0.00186031
         728    -0.40149   -0.411006   0.0018578
         729   -0.485973   -0.411109  0.00185809
         730   -0.436794   -0.411144  0.00185588
         731   -0.438335   -0.411181  0.00185371
         732   -0.430836   -0.411208  0.00185138
         733   -0.312876   -0.411074   0.0018537
         734   -0.356965      -0.411  0.00185264
         735   -0.455926   -0.411061  0.00185113
         736    -0.43959     -0.4111  0.00184902
         737   -0.405415   -0.411092  0.00184653
         738   -0.437265   -0.411128  0.00184437
         739   -0.425317   -0.411147  0.00184197
         740    -0.41084   -0.411147  0.00183948
         741   -0.439054   -0.411184  0.00183739
         742   -0.435026   -0.411216  0.00183519
         743   -0.342097   -0.411123  0.00183508
         744   -0.336959   -0.411024  0.00183532
         745   -0.350262   -0.410942  0.00183466
         746   -0.391133   -0.410916   0.0018324
         747   -0.417904   -0.410925  0.00182997
         748     -0.4478   -0.410974  0.00182818
         749   -0.365882   -0.410914  0.00182673
         750   -0.407885    -0.41091   0.0018243
         751   -0.411072    -0.41091  0.00182187
         752    -0.41769   -0.410919  0.00181947
         753   -0.390739   -0.410892  0.00181725
         754    -0.36993   -0.410838  0.00181566
         755   -0.510729    -0.41097  0.00181807
         756   -0.493705    -0.41108  0.00181895
         757    -0.50005   -0.411197  0.00182034
         758   -0.473181   -0.411279  0.00181978
         759   -0.495953   -0.411391   0.0018208
         760   -0.514491   -0.411526  0.00182345
         761   -0.508063   -0.411653  0.00182546
         762     -0.4759   -0.411737  0.00182501
         763   -0.353068   -0.411661  0.00182423
         764   -0.439746   -0.411697  0.00182222
         765   -0.367601    -0.41164  0.00182075
         766   -0.331196   -0.411535   0.0018214
         767   -0.354372    -0.41146  0.00182055
         768   -0.352198   -0.411383  0.00181981
         769   -0.318755   -0.411263  0.00182142
         770    -0.37676   -0.411218  0.00181961
         771   -0.429682   -0.411242  0.00181741
         772   -0.404129   -0.411232  0.00181508
         773   -0.331556   -0.411129  0.00181565
         774   -0.374098   -0.411082  0.00181394
         775   -0.336809   -0.410986  0.00181413
         776   -0.350563   -0.410908  0.00181346
         777   -0.400436   -0.410894  0.00181118
         778   -0.358641   -0.410827  0.00181009
         779   -0.381211   -0.410789  0.00180817
         780   -0.390969   -0.410764  0.00180603
         781   -0.343371   -0.410678  0.00180578
         782   -0.451126   -0.410729  0.00180421
         783   -0.438768   -0.410765  0.00180226
         784   -0.463829   -0.410833  0.00180123
         785   -0.480266   -0.410921  0.00180111
         786   -0.444738   -0.410964  0.00179933
         787   -0.413363   -0.410967  0.00179705
         788   -0.352453   -0.410893   0.0017963
         789   -0.374511   -0.410847  0.00179461
         790   -0.365551    -0.41079  0.00179326
         791    -0.37229   -0.410741  0.00179165
         792   -0.409561   -0.410739  0.00178939
         793   -0.351272   -0.410664   0.0017887
         794   -0.433851   -0.410694  0.00178669
         795    -0.52247   -0.410834  0.00178996
         796   -0.467909   -0.410906  0.00178915
         797   -0.412984   -0.410908  0.00178691
         798   -0.396246    -0.41089  0.00178476
         799   -0.406099   -0.410884  0.00178254
         800   -0.447344    -0.41093  0.00178089
         801   -0.336462   -0.410837   0.0017811
         802   -0.366344   -0.410781  0.00177974
         803    -0.34511   -0.410699   0.0017794
         804   -0.424794   -0.410717  0.00177727
         805   -0.392598   -0.410694  0.00177521
         806   -0.376817   -0.410652   0.0017735
         807    -0.43683   -0.410685   0.0017716
         808   -0.413004   -0.410688  0.00176941
         809   -0.364773   -0.410631  0.00176814
         810   -0.333698   -0.410536   0.0017685
         811   -0.358615   -0.410472  0.00176748
         812   -0.383851   -0.410439  0.00176561
         813    -0.38051   -0.410402  0.00176382
         814   -0.360138   -0.410341  0.00176273
         815   -0.429695   -0.410364  0.00176073
         816   -0.334216   -0.410271  0.00176104
         817   -0.352107     -0.4102  0.00176033
         818   -0.322444   -0.410093  0.00176144
         819   -0.423113   -0.410109  0.00175936
         820   -0.400679   -0.410097  0.00175725
         821   -0.369233   -0.410047  0.00175582
         822   -0.323083   -0.409941  0.00175687
         823   -0.400794    -0.40993  0.00175477
         824   -0.335231    -0.40984  0.00175498
         825   -0.381086   -0.409805   0.0017532
         826   -0.366398   -0.409752  0.00175186
         827   -0.334672   -0.409661  0.00175209
         828   -0.285598   -0.409512  0.00175637
         829   -0.384119   -0.409481  0.00175452
         830   -0.400515    -0.40947  0.00175244
         831   -0.410443   -0.409471  0.00175033
         832   -0.460055   -0.409532  0.00174928
         833   -0.513414   -0.409657  0.00175162
         834   -0.417467   -0.409666  0.00174955
         835   -0.475794   -0.409745  0.00174924
         836   -0.524829   -0.409883  0.00175256
         837   -0.519332   -0.410014  0.00175534
         838   -0.483428   -0.410101  0.00175543
         839   -0.440659   -0.410138  0.00175371
         840    -0.40421   -0.410131  0.00175164
         841    -0.46378   -0.410195  0.00175072
         842   -0.425356   -0.410213  0.00174873
         843   -0.396511   -0.410196  0.00174673
         844   -0.442743   -0.410235  0.00174509
         845   -0.404846   -0.410229  0.00174304
         846   -0.398097   -0.410214  0.00174103
         847   -0.390188   -0.410191  0.00173914
         848   -0.414695   -0.410196   0.0017371
         849   -0.434329   -0.410224  0.00173528
         850   -0.411129   -0.410225  0.00173324
         851   -0.451661   -0.410274  0.00173189
         852   -0.502528   -0.410382  0.00173324
         853   -0.464536   -0.410446  0.00173237
         854   -0.434919   -0.410475  0.00173058
         855    -0.41414   -0.410479  0.00172856
         856   -0.479995    -0.41056  0.00172844
         857   -0.457308   -0.410615  0.00172729
         858   -0.462731   -0.410675  0.00172634
         859   -0.434469   -0.410703  0.00172456
         860   -0.360807   -0.410645  0.00172353
         861   -0.394463   -0.410626  0.00172163
         862   -0.362129    -0.41057  0.00172055
         863    -0.39286   -0.410549  0.00171868
         864   -0.463592   -0.410611  0.00171778
         865   -0.492894   -0.410706  0.00171843
         866   -0.447366   -0.410748  0.00171697
         867   -0.441373   -0.410784  0.00171535
         868   -0.415593   -0.410789  0.00171338
         869   -0.401458   -0.410778  0.00171144
         870   -0.413828   -0.410782  0.00170948
         871   -0.467478   -0.410847  0.00170876
         872   -0.414184   -0.410851   0.0017068
         873   -0.419952   -0.410861  0.00170488
         874   -0.410536   -0.410861  0.00170293
         875   -0.422401   -0.410874  0.00170103
         876   -0.484832   -0.410958  0.00170118
         877   -0.453743   -0.411007  0.00169994
         878   -0.403336   -0.410999  0.00169803
         879   -0.425636   -0.411015  0.00169618
         880   -0.410878   -0.411015  0.00169425
         881   -0.362779    -0.41096  0.00169321
         882   -0.376413   -0.410921  0.00169175
         883   -0.362385   -0.410866  0.00169072
         884   -0.356295   -0.410804  0.00168994
         885   -0.341582   -0.410726  0.00168984
         886   -0.389833   -0.410703   0.0016881
         887    -0.40736   -0.410699   0.0016862
         888   -0.420013   -0.410709  0.00168433
         889    -0.42395   -0.410724   0.0016825
         890   -0.450798   -0.410769  0.00168121
         891   -0.456118    -0.41082   0.0016801
         892   -0.477965   -0.410895   0.0016799
         893   -0.427773   -0.410914  0.00167812
         894   -0.463974   -0.410974   0.0016773
         895   -0.400439   -0.410962  0.00167546
         896   -0.441781   -0.410996  0.00167395
         897   -0.365738   -0.410946  0.00167284
         898   -0.429224   -0.410966   0.0016711
         899   -0.417048   -0.410973  0.00166926
         900    -0.43941   -0.411005   0.0016677
         901   -0.430002   -0.411026  0.00166598
         902   -0.471059   -0.411092  0.00166546
         903   -0.436902   -0.411121  0.00166387
         904   -0.433168   -0.411145   0.0016622
         905   -0.408337   -0.411142  0.00166037
         906   -0.436654    -0.41117  0.00165878
         907    -0.47453    -0.41124  0.00165842
         908   -0.493984   -0.411331  0.00165909
         909   -0.573856    -0.41151  0.00166687
         910   -0.445892   -0.411548  0.00166547
         911   -0.446436   -0.411586  0.00166408
         912   -0.407148   -0.411581  0.00166226
         913   -0.427177   -0.411598  0.00166053
         914   -0.438406   -0.411628  0.00165897
         915   -0.439916   -0.411659  0.00165745
         916   -0.460212   -0.411712  0.00165649
         917   -0.476087   -0.411782  0.00165617
         918   -0.511193    -0.41189   0.0016579
         919   -0.464571   -0.411947  0.00165709
         920   -0.417641   -0.411954   0.0016553
         921   -0.479839   -0.412027  0.00165514
         922    -0.49451   -0.412117  0.00165576
         923   -0.475534   -0.412185  0.00165539
         924   -0.376985   -0.412147  0.00165404
         925   -0.424237    -0.41216   0.0016523
         926    -0.45601   -0.412208   0.0016512
         927    -0.44729   -0.412246  0.00164985
         928   -0.454828   -0.412291  0.00164871
         929   -0.428817   -0.412309  0.00164703
         930   -0.371825   -0.412266  0.00164583
         931   -0.400645   -0.412253  0.00164411
         932   -0.376989   -0.412215  0.00164278
         933   -0.368045   -0.412168  0.00164171
         934   -0.402292   -0.412158  0.00163998
         935   -0.450697   -0.412199  0.00163875
         936   -0.373126   -0.412157  0.00163753
         937   -0.416748   -0.412162  0.00163579
         938   -0.425781   -0.412176  0.00163411
         939   -0.453102    -0.41222  0.00163295
         940   -0.443508   -0.412253  0.00163155
         941   -0.405503   -0.412246  0.00162983
         942   -0.388193   -0.412221   0.0016283
         943    -0.43241   -0.412242  0.00162672
         944   -0.395743   -0.412225  0.00162509
         945   -0.420334   -0.412233  0.00162339
         946   -0.399199   -0.412219  0.00162173
         947   -0.422976   -0.412231  0.00162006
         948   -0.461252   -0.412282  0.00161918
         949   -0.377915   -0.412246  0.00161787
         950   -0.376863   -0.412209   0.0016166
         951   -0.477966   -0.412278  0.00161638
         952   -0.425282   -0.412292  0.00161474
         953   -0.465638   -0.412348  0.00161401
         954   -0.445704   -0.412383   0.0016127
         955   -0.378398   -0.412347   0.0016114
         956   -0.397491   -0.412332  0.00160979
         957   -0.357876   -0.412275  0.00160912
         958   -0.447737   -0.412312  0.00160786
         959   -0.426982   -0.412327  0.00160626
         960   -0.360401   -0.412273   0.0016055
         961   -0.436355   -0.412298  0.00160402
         962   -0.425307   -0.412311  0.00160241
         963   -0.414402   -0.412314  0.00160075
         964   -0.441418   -0.412344  0.00159937
         965    -0.41178   -0.412343  0.00159772
         966   -0.436974   -0.412369  0.00159626
         967   -0.418054   -0.412375  0.00159462
         968    -0.36348   -0.412324  0.00159378
         969   -0.358802   -0.412269  0.00159309
         970   -0.340276   -0.412195  0.00159317
         971   -0.286926   -0.412066  0.00159675
         972   -0.349797   -0.412002  0.00159639
         973    -0.38818   -0.411977  0.00159494
         974   -0.337634   -0.411901  0.00159513
         975   -0.394702   -0.411883  0.00159359
         976    -0.42156   -0.411893  0.00159199
         977   -0.429957   -0.411912  0.00159046
         978   -0.375442   -0.411874  0.00158927
         979   -0.395665   -0.411858  0.00158774
         980   -0.435856   -0.411882  0.00158631
         981   -0.457895   -0.411929  0.00158538
         982   -0.450319   -0.411968  0.00158425
         983   -0.489524   -0.412047   0.0015846
         984   -0.487064   -0.412123  0.00158482
         985     -0.4352   -0.412147  0.00158339
         986   -0.424891    -0.41216  0.00158183
         987   -0.445499   -0.412193  0.00158059
         988   -0.357012   -0.412138  0.00157998
         989    -0.40661   -0.412132  0.00157839
         990   -0.408544   -0.412128   0.0015768
         991   -0.330372   -0.412046  0.00157737
         992   -0.429639   -0.412064  0.00157588
         993   -0.417216   -0.412069   0.0015743
         994   -0.410285   -0.412067  0.00157272
         995   -0.424765    -0.41208  0.00157119
         996   -0.411132   -0.412079  0.00156961
         997   -0.439789   -0.412107  0.00156828
         998   -0.473023   -0.412168   0.0015679
         999   -0.447167   -0.412203  0.00156672
        1000   -0.444898   -0.412235  0.00156549
