2.37096
2.37096
2.37096
2.37096
2.37096
2.37096
2.37096
2.37096
2.37096
2.37096
2.37096
2.37096
2.37096
2.37096
2.37096
2.37096
2.37096
2.37096
2.37096
2.37096
2.37096
2.37096
2.37096
2.37096
2.37096
2.37096
2.37096
2.37096
2.37096
2.37096
2.37096
2.37096
2.37096
2.37096
2.37096
2.37096
2.37096
2.37096
2.37096
2.37096
2.37096
2.37096
2.37096
2.37096
2.37096
2.37096
2.37096
2.37096
2.37096
2.37096
2.37096
2.37096
2.37096
2.37096
2.37096
2.37096
2.37096
2.37096
2.37096
2.37096
2.37096
2.37096
2.37096
2.37096
2.37096
2.37096
2.37096
2.37096
2.37096
2.37096
2.37096
2.37096
2.37096
2.37096
2.37096
2.37096
2.37096
2.37096
2.37096
2.37096
2.37096
2.37096
2.37096
2.37096
2.37096
2.37096
2.37096
2.37096
2.37096
2.37096
2.37096
2.37096
2.37096
2.37096
2.37096
2.37096
2.37096
2.37096
2.37096
2.37096
2.37096
2.37096
2.37096
2.37096
2.37096
2.37096
2.37096
2.37096
2.37096
2.37096
2.37096
2.37096
2.37096
2.37096
2.37096
2.37096
2.37096
2.37096
2.37096
2.37096
2.37096
2.37096
2.37096
2.37096
2.37096
2.37096
2.37096
2.37096
2.37096
2.37096
2.37096
2.37096
2.37096
2.37096
2.37096
2.37096
2.37096
2.37096
2.37096
2.37096
2.37096
2.37096
2.37096
2.37096
2.37096
2.37096
2.37096
2.37096
2.37096
2.37096
2.37096
2.37096
2.37096
2.37096
2.37096
2.37096
2.37096
2.37096
2.37096
2.37096
2.37096
2.37096
2.37096
2.37096
2.37096
2.37096
2.37096
2.37096
2.37096
2.37096
2.37096
2.37096
2.37096
2.37096
2.37096
2.37096
2.37096
2.37096
2.37096
2.37096
2.37096
2.37096
2.37096
2.37096
2.37096
2.37096
2.37096
2.37096
2.37096
2.37096
2.37096
2.37096
2.37096
2.37096
2.37096
2.37096
2.37096
2.37096
2.37096
2.37096
2.37096
2.37096
2.37096
2.37096
2.37096
2.37096
2.37096
2.37096
2.37096
2.37096
2.37096
2.37096
2.37096
2.37096
2.37096
2.37096
2.37096
2.37096
2.37096
2.37096
2.37096
2.37096
2.37096
2.37096
2.37096
2.37096
2.37096
2.37096
2.37096
2.37096
2.37096
2.37096
2.37096
2.37096
2.37096
2.37096
2.37096
2.37096
2.37096
2.37096
2.37096
2.37096
2.37096
2.37096
2.37096
2.37096
2.37096
2.37096
2.37096
2.37096
2.37096
2.37096
2.37096
2.37096
2.37096
2.37096
2.37096
2.37096
2.37096
2.37096
2.37096
2.37096
2.37096
2.37096
2.37096
2.37096
2.37096
2.37096
2.37096
2.37096
2.37096
2.37096
2.37096
2.37096
2.37096
2.37096
2.37096
2.37096
2.37096
2.37096
2.37096
2.37096
2.37096
2.37096
2.37096
2.37096
2.37096
2.37096
2.37096
2.37096
2.37096
2.37096
2.37096
2.37096
2.37096
2.37096
2.37096
2.37096
2.37096
2.37096
2.37096
2.37096
2.37096
2.37096
2.37096
2.37096
2.37096
2.37096
2.37096
2.37096
2.37096
2.37096
2.37096
2.37096
2.37096
2.37096
2.37096
2.37096
2.37096
2.37096
2.37096
2.37096
2.37096
2.37096
2.37096
2.37096
2.37096
2.37096
2.37096
2.37096
2.37096
2.37096
2.37096
2.37096
2.37096
2.37096
2.37096
2.37096
2.37096
2.37096
2.37096
2.37096
2.37096
2.37096
2.37096
2.37096
2.37096
2.37096
2.37096
2.37096
2.37096
2.37096
2.37096
2.37096
2.37096
2.37096
2.37096
2.37096
2.37096
2.37096
2.37096
2.37096
2.37096
2.37096
2.37096
2.37096
2.37096
2.37096
2.37096
2.37096
2.37096
2.37096
2.37096
2.37096
2.37096
2.37096
2.37096
2.37096
2.37096
2.37096
2.37096
2.37096
2.37096
2.37096
2.37096
2.37096
2.37096
2.37096
2.37096
2.37096
2.37096
2.37096
2.37096
2.37096
2.37096
2.37096
2.37096
2.37096
2.37096
2.37096
2.37096
2.37096
2.37096
2.37096
2.37096
2.37096
2.37096
2.37096
2.37096
2.37096
2.37096
2.37096
2.37096
2.37096
2.37096
2.37096
2.37096
2.37096
2.37096
2.37096
2.37096
2.37096
2.37096
2.37096
2.37096
2.37096
2.37096
2.37096
2.37096
2.37096
2.37096
2.37096
2.37096
2.37096
2.37096
2.37096
2.37096
2.37096
2.37096
2.37096
2.37096
2.37096
2.37096
2.37096
2.37096
2.37096
2.37096
2.37096
2.37096
2.37096
2.37096
2.37096
2.37096
2.37096
2.37096
2.37096
2.37096
2.37096
2.37096
2.37096
2.37096
2.37096
2.37096
2.37096
2.37096
2.37096
2.37096
2.37096
2.37096
2.37096
2.37096
2.37096
2.37096
2.37096
2.37096
2.37096
2.37096
2.37096
2.37096
2.37096
2.37096
2.37096
2.37096
2.37096
2.37096
2.37096
2.37096
2.37096
2.37096
2.37096
2.37096
2.37096
2.37096
2.37096
2.37096
2.37096
2.37096
2.37096
2.37096
2.37096
2.37096
2.37096
2.37096
2.37096
2.37096
2.37096
2.37096
2.37096
2.37096
2.37096
2.37096
2.37096
2.37096
2.37096
2.37096
2.37096
2.37096
2.37096
2.37096
2.37096
2.37096
2.37096
2.37096
2.37096
2.37096
2.37096
2.37096
2.37096
2.37096
2.37096
2.37096
2.37096
2.37096
2.37096
2.37096
2.37096
2.37096
2.37096
2.37096
2.37096
2.37096
2.37096
2.37096
2.37096
2.37096
2.37096
2.37096
2.37096
2.37096
2.37096
2.37096
2.37096
2.37096
2.37096
2.37096
2.37096
2.37096
2.37096
2.37096
2.37096
2.37096
2.37096
2.37096
2.37096
2.37096
2.37096
2.37096
2.37096
2.37096
2.37096
2.37096
2.37096
2.37096
2.37096
2.37096
2.37096
2.37096
2.37096
2.37096
2.37096
2.37096
2.37096
2.37096
2.37096
2.37096
2.37096
2.37096
2.37096
2.37096
2.37096
2.37096
2.37096
2.37096
2.37096
2.37096
2.37096
2.37096
2.37096
2.37096
2.37096
2.37096
2.37096
2.37096
2.37096
2.37096
2.37096
2.37096
2.37096
2.37096
2.37096
2.37096
2.37096
2.37096
2.37096
2.37096
2.37096
2.37096
2.37096
2.37096
2.37096
2.37096
2.37096
2.37096
2.37096
2.37096
2.37096
2.37096
2.37096
2.37096
2.37096
2.37096
2.37096
2.37096
2.37096
2.37096
2.37096
2.37096
2.37096
2.37096
2.37096
2.37096
2.37096
2.37096
2.37096
2.37096
2.37096
2.37096
2.37096
2.37096
2.37096
2.37096
2.37096
2.37096
2.37096
2.37096
2.37096
2.37096
2.37096
2.37096
2.37096
2.37096
2.37096
2.37096
2.37096
2.37096
2.37096
2.37096
2.37096
2.37096
2.37096
2.37096
2.37096
2.37096
2.37096
2.37096
2.37096
2.37096
2.37096
2.37096
2.37096
2.37096
2.37096
2.37096
2.37649
2.37867
2.37867
2.37867
2.37867
2.3797
2.38795
2.39614
2.39878
2.39878
2.39878
2.40291
2.42668
2.4348
2.4417
2.44652
2.52645
2.54151
2.55697
2.58833
2.66764
2.66764
2.66764
2.67948
2.70993
2.70993
2.77597
2.79526
2.80085
2.86933
2.86933
2.86933
2.88214
2.90481
2.92835
2.93549
2.97453
3.03607
3.10344
3.10447
3.13968
3.14602
3.14602
3.15067
3.16108
3.16283
3.17865
3.17865
3.20544
3.21891
3.21891
3.23338
3.24045
3.24054
3.2667
3.26867
3.27564
3.27581
3.31601
3.49453
3.56091
3.57358
3.58362
3.71977
3.72435
3.73639
3.7655
3.79076
3.8357
3.87075
3.94956
4.12208
4.23048
4.30773
4.31136
4.41876
4.42553
4.46605
4.52055
4.52055
4.52055
4.54461
4.56191
4.59412
4.70314
4.72187
4.72399
4.74524
4.76653
4.77252
4.77252
4.77767
4.8056
4.83051
4.83162
4.85259
4.89041
4.90505
4.91051
4.95634
4.97078
5.03012
5.08003
5.13914
5.26841
5.34127
5.34722
5.39291
5.40993
5.49728
5.51807
5.54338
5.55008
5.59006
5.59006
5.65128
5.73648
5.75715
5.75715
5.77207
5.77207
5.8717
5.9262
6.14815
6.17284
6.22951
6.29346
6.4535
6.46791
6.46791
6.57207
6.61007
6.63186
6.65324
6.65906
6.7783
6.78537
6.87638
6.88763
6.88763
6.88763
6.88763
6.9016
6.97855
6.99666
7.03194
7.04874
7.19462
7.20846
7.27434
7.32262
7.46361
7.49896
7.53577
7.54046
7.54046
7.54764
7.55796
7.63542
7.74474
7.77709
7.79281
7.82377
7.84569
7.874
7.87937
7.92518
7.93429
7.98326
8.00202
8.03844
8.05206
8.06662
8.08528
8.09556
8.11447
8.11929
8.14697
8.17549
8.22056
8.28881
8.31742
8.3474
8.3474
8.37018
8.4278
8.45034
8.45956
8.4804
8.51015
8.52938
8.5645
8.5645
8.5645
8.58563
8.58563
8.58563
8.59251
8.68392
8.68877
8.72052
8.87035
8.88905
8.89436
8.96376
8.98178
8.99481
9.04423
9.08658
9.14901
9.16102
9.22473
9.30917
9.30917
9.34121
9.34121
9.35064
9.42795
9.43282
9.45536
9.48808
9.62235
9.73572
9.79009
9.84632
9.86631
10.007
10.0412
10.0412
10.056
10.0613
10.0618
10.074
10.1938
10.2425
10.2446
10.2641
10.2745
10.2874
10.3718
10.3801
10.387
10.404
10.4403
10.5007
10.5517
10.5637
10.5707
10.6251
10.6622
10.6981
10.8893
11.0578
11.3282
11.3964
11.5357
11.5379
12.0297
12.0297
12.0297
12.0624
12.083
12.1858
12.2719
12.2933
12.3316
12.3931
12.5166
12.5372
12.5443
13.0193
13.0567
13.2742
13.2895
13.3523
13.4208
13.6139
13.9488
13.9827
13.9858
14.0914
14.1858
14.3931
14.4468
14.6657
14.8291
14.9593
15.0551
15.0732
15.5195
15.5333
15.6651
15.7451
15.9368
15.965
16.0145
16.2908
16.4192
16.4192
16.4192
16.5728
16.6186
16.7581
16.7581
16.9261
16.9363
17.031
17.5077
17.5604
17.6665
17.7113
17.968
18.1592
19.0841
19.5503
24.7471
24.968
